Mrk142        0.04494    2.05  0.19    2.74 0.73 0.83    2.76 0.96 0.96
SBS1116+583A  0.02787    0.262 0.028   2.31 0.62 0.49    2.24 0.65 0.61 
Arp151        0.02109    1.21  0.15    3.99 0.49 0.68    3.52 0.82 0.72
Mrk1310       0.01941    1.87  0.12    3.66 0.59 0.61    3.67 0.46 0.50
Mrk202        0.02102    1.698 0.070   3.05 1.73 1.12    3.11 0.91 1.12
NGC4253       0.01293    4.59  0.26    6.16 1.6  1.22    6.87 1.22 1.84
NGC4748       0.01463    4.36  0.21    5.55 1.62 2.22    6.39 1.84 1.46
IC4218        0.01933    1.72  0.18    -10. -10. -10.    -10. -10. -10.
MCG-06-30-15  0.00775    4.33  0.59    -10. -10. -10.    -10. -10. -10.
NGC5548       0.01718    6.12  0.38    4.18 0.86 1.30    4.24 0.91 1.35
Mrk290        0.02958    3.56  0.13    -10. -10. -10.    -10. -10. -10.
IC1198        0.03366    2.81  0.17    -10. -10. -10.    -10. -10. -10.
NGC6814       0.00521    6.47  0.50    6.64 0.87 0.90    6.49 0.95 0.96