Mrk335       0.02579 113  113   0.129
PG0026+129   0.14200 672  672   0.258
PG0052+251   0.15500 740  740   0.172
Fairall9     0.04702 209  209   0.097
Mrk590       0.02639 115  115   0.136
3C120        0.03301 145  145   1.078
Ark120       0.03271 142  142   0.466
Mrk79        0.02219 97   97    0.257
PG0804+761   0.10000 461  461   0.126
Mrk110       0.03529 155  155   0.047
PG0953+414   0.23410 1172 1172  0.046
NGC3227      0.00386 23.5 2.4   0.082
Mrk142       0.04494 199  199   0.058
NGC3516      0.00884 38   38    0.154
SBS1116+583A 0.02787 122  122   0.042
Arp151       0.02109 92   92    0.050
NGC3783      0.00973 25.1 5.0   0.432
Mrk1310      0.01956 85   85    0.112
NGC4051      0.00234 17.1 3.4   0.047
NGC4151      0.00332 16.6 3.3   0.100
Mrk202       0.02102 92   92    0.073
NGC4253      0.01293 56   56    0.071
PG1226+023   0.15834 758  758   0.075
PG1229+204   0.06301 283  283   0.098
NGC4593      0.00900 37.3 7.5   0.089
NGC4748      0.01463 63   63    0.187
PG1307+085   0.15500 739  739   0.122
Mrk279       0.03045 134  134   0.058
PG1411+442   0.08960 410  410   0.031
NGC5548      0.01718 75   75    0.074
PG1426+015   0.08647 394  394   0.115
Mrk817       0.03146 138  138   0.024
Mrk290       0.02958 130  130   0.055
PG1613+658   0.12900 606  606   0.096
PG1617+175   0.11244 522  522   0.151
PG1700+518   0.29200 1510 1510  0.127
3C390.3      0.05610 251  251   0.259
NGC6814      0.00521 22   22    0.664
Mrk509       0.03440 151  151   0.208
PG2130+099   0.06298 283  283   0.161
NGC7469      0.01632 71   71 0.250