Mrk335         19.7 0.0001 4.2    6.12 0.19   43.70 0.06
Mrk335         0    0      0      0    0      0     0
Mrk335         19.2 0.0001 0.7    5.84 0.29   43.68 0.06
PG0026+129     111.0 24.1 28.3   2.31 0.07   44.91 0.02
PG0052+251     89.8  24.5 24.1   1.39 0.08   44.75 0.03
Fairall9       17.4  3.2 4.3     2.95 0.23   43.92 0.05
Mrk590         20.7  3.5 2.7     3.93 0.33   43.53 0.07
Mrk590         14.0 8.5 8.8      1.37 0.31   43.07 0.11
Mrk590         29.2 4.9 5.0      2.40 0.31   43.32 0.08
Mrk590         28.8 3.6 4.2      4.46 0.34   43.59 0.06
3C120          38.1 21.3 15.3    3.68 0.12   44.01 0.05
3C120          25.9 2.0 2.3       2.71 0.10   43.87 0.05
Ark120         47.1 8.3 12.4     4.82 0.45   43.92 0.06
Ark120         37.1 4.8 5.4      2.14 0.43   43.57 0.10
Mrk79          9.0 8.3 7.8       5.54 0.18   43.57 0.07
Mrk79          16.1 6.6 6.6      7.07 0.19   43.67 0.07
Mrk79          16.0 6.4 5.8      5.98 0.19   43.60 0.07 
PG0804+761     146.9 18.8 18.9   4.82 0.09   44.85 0.02
Mrk110         24.3 5.5 8.3      2.79 0.09   43.62 0.04
Mrk110         20.4 10.5 6.3     3.30 0.09   43.69 0.04
Mrk110         33.3 14.9 10.0    1.97 0.09   43.47 0.05
PG0953+414     150.1 21.6 22.6   1.34 0.04   45.13 0.01
NGC3227        3.75 0.76 0.82    4.78 0.73   42.24 0.11
Mrk142         2.74 0.73 0.83    1.40 0.07   43.54 0.04
NGC3516        11.68 1.02 1.53   5.60 1.74   42.73 0.21
SBS1116+583A   2.31 0.62 0.49    0.13 0.08   42.07 0.28
Arp151         3.99 0.49 0.68    0.59 0.12   42.48 0.11
NGC3783        10.20 3.30 2.30   6.66 0.80   42.55 0.18
Mrk1310        3.66 0.59 0.61    0.37 0.13   42.23 0.17
NGC4051        1.87 0.54 0.50    4.93 1.00   41.96 0.20
NGC4151        6.58 1.12 0.76    6.77 1.98   42.09 0.22
Mrk202         3.05 1.73 1.12    0.30 0.11   42.20 0.18
NGC4253        6.16 1.63 1.22    1.67 0.23   42.51 0.13
PG1226+023     306.8 68.5 90.9   20.00 0.59  45.90 0.02
PG1229+204     37.8  27.6 15.3   0.82 0.10   43.64 0.06
NGC4593        3.73 0.75 0.75    8.02 0.90   42.87 0.18
NGC4748        5.55 1.62 2.22    1.15 0.24   42.49 0.13
PG1307+085     105.60 36.0 46.60 1.56 0.04   44.79 0.02
Mrk279         16.70 3.90 3.90   3.98 0.53   43.64 0.08
PG1411+442     124.30 61.0 61.70 2.94 0.08   44.50 0.02
NGC5548        19.70 1.50 1.50   6.16 0.65   43.33 0.10
NGC5548        18.60 2.10 2.30   3.50 0.55   43.08 0.11
NGC5548        15.90 2.90 2.50   5.64 0.57   43.29 0.10
NGC5548        11.00 1.90 2.00   2.97 0.51   43.01 0.11
NGC5548        13.00 1.60 1.40   5.31 0.55   43.26 0.10
NGC5548        13.40 3.80 4.30   6.01 0.60   43.32 0.10
NGC5548        21.70 2.60 2.60   8.34 0.52   43.46 0.09
NGC5548        16.40 1.20 1.10   6.81 0.59   43.37 0.09
NGC5548        17.50 2.00 1.60   4.37 0.52   43.18 0.10
NGC5548        26.50 4.30 2.20   9.72 0.69   43.52 0.09
NGC5548        24.80 3.20 3.00   8.08 0.61   43.44 0.09
NGC5548        6.50 5.70 3.70    3.23 0.52   43.05 0.11
NGC5548        14.30 5.90 7.30   3.28 0.54   43.05 0.11
NGC5548        6.30 2.60 2.30    2.29 0.54   42.90 0.13
NGC5548        4.18 0.86 1.30    2.58 0.42   42.95 0.11
NGC5548        12.40 2.74 3.85   2.49 0.49   42.93 0.12
PG1426+015     95.0 29.9 37.1    3.49 0.14   44.57 0.02
Mrk817         19.00 3.90 3.70   4.61 0.20   43.73 0.05
Mrk817         15.30 3.70 3.50   3.51 0.15   43.61 0.05
Mrk817         33.60 6.50 7.60   3.52 0.15   43.61 0.05
Mrk817         14.04 3.41 3.47   5.17 0.14   43.78 0.05
Mrk290         8.72 1.21 1.02    1.23 0.10   43.11 0.06
PG1613+658     40.10 15.0 15.20  2.03 0.11   44.71 0.03
PG1617+175     71.50 29.6 33.70  1.10 0.03   44.33 0.02
PG1700+518     251.8 45.9 38.8   1.86 0.03   45.53 0.01
3C390.3        23.60 6.20 6.70   0.91 0.20   43.62 0.10
3C390.3        46.40 3.60 3.20   5.91 0.09   44.43 0.03
NGC6814        6.64 0.87 0.90    2.34 0.38   42.05 0.29
Mrk509         79.60 6.10 5.40   8.49 0.29   44.13 0.05
PG2130+099     36.5 2. 2.         2.53 0.09   44.14 0.03
NGC7469        24.30 4.00 4.00   10.30 0.99  43.56 0.10