8.245174541042932237e-02 7.946494246310007448e+00
8.449256971858311038e-01 7.735127244312399952e+00
1.170630563535068336e-01 7.946425960980195491e+00
7.909524722046444856e-01 7.784796748809649003e+00
1.950614211860058345e-01 7.957003890392067014e+00
4.120731231963507546e-01 7.754334663751492052e+00
2.198417340538569020e-01 7.947598502195589276e+00
9.989999999999998881e-01 7.769942597129690043e+00
2.943132590048515573e-01 7.929031353960262152e+00
7.098640109577850632e-01 7.766430713954412646e+00
5.097005093162298994e-01 7.956221026340832836e+00
9.989999999999970015e-01 7.757327587141451097e+00
1.000425618303373981e-01 7.936465213438915534e+00
7.584390254792316988e-01 7.761760491917753413e+00
2.102356782018551251e-01 7.945729530238216043e+00
5.407538609862598822e-01 7.733437554394596347e+00
4.580225181296623260e-01 7.956095625836721474e+00
8.071274904229190916e-01 7.735787799668157660e+00
4.713102772487425818e-01 7.959738932662656197e+00
9.623145669582238160e-01 7.774537451857927550e+00
3.310595409743435913e-01 7.953160339813332591e+00
3.482939883917065549e-01 7.748095243387279396e+00
3.162287334536710293e-01 7.953141855125204884e+00
9.989999999915822881e-01 7.762430282663606462e+00
1.334827392841437255e-01 7.927739656262438039e+00
9.989999863599241525e-01 7.758321066586736592e+00
1.656475103060223719e-01 7.941352151829999428e+00
2.657862124864010522e-01 7.748830983061806954e+00
5.576502025618419456e-01 7.966452681022910376e+00
7.143539084414154416e-01 7.755170099203901657e+00
3.793283888676021176e-01 7.939834063612798865e+00
9.989999996202632015e-01 7.786980159837705529e+00
4.489420215454223428e-01 7.960754816744321616e+00
6.768454599121788151e-01 7.723843654828683292e+00
3.637561663204169626e-01 7.960570128023368497e+00
4.155535511825103057e-01 7.788798596427079168e+00
3.256872630535962432e-01 7.947528489762328618e+00
8.511792304659276942e-01 7.776274483660042591e+00
3.660880037133852904e-01 7.957628229301450418e+00
1.868354509890238768e-01 7.710541890049829483e+00
3.200051539564177094e-01 7.953241887589858727e+00
9.989999999999857883e-01 7.737170380956667870e+00
4.991732341370224701e-01 7.964420570840431424e+00
9.989999999999962244e-01 7.764078660068011395e+00
3.952789051225372718e-01 7.963091076902799159e+00
3.434288923021952544e-01 7.749735770206803487e+00
2.762025265936656204e-01 7.953544081154436896e+00
9.989999999460588143e-01 7.749107908794369948e+00
2.841177836468687379e-01 7.952290317704558298e+00
7.999898951432098393e-01 7.780532845428366429e+00
1.542188605105923038e-01 7.937778002775770503e+00
3.360510975085380658e-01 7.769150696608716267e+00
2.408138809331016594e-01 7.950200167196878276e+00
4.220694291706245105e-01 7.773265046215301233e+00
2.284740624968706613e-01 7.951613512316701993e+00
4.575095734117047841e-01 7.750834242094183146e+00
4.764842635762509548e-01 7.962739103018277476e+00
5.268838348982032294e-01 7.748180425690684991e+00
3.417981279729005450e-01 7.955618747384961331e+00
4.941770455814874508e-01 7.760664172239194691e+00
2.916257464522970522e-01 7.938697533275402840e+00
4.105077667559689503e-01 7.756043327519526187e+00
1.617772367358669416e-01 7.955560382399082364e+00
6.292768902771742612e-01 7.752137387062195018e+00
4.936231947751513749e-01 7.959206437726025207e+00
9.989999999999849001e-01 7.756565152503463345e+00
1.399254540995898133e-01 7.939143045570125956e+00
9.810936009391738044e-02 7.701704316157759855e+00
2.083598815652512593e-01 7.952832785611127164e+00
5.205310698515109857e-01 7.755093247155321556e+00
3.073914075884333630e-01 7.956718132287432077e+00
1.693415864830978002e-01 7.723468697348252476e+00
2.635257016975771083e-01 7.935673336390076216e+00
9.251852473569369684e-01 7.747013321232009808e+00
4.235554736899768136e-01 7.949217208833615267e+00
6.905546912751775457e-01 7.774493968629126783e+00
2.372914053543500879e-01 7.950054773371967087e+00
4.435953750652293914e-01 7.741568595901849648e+00
5.159172676111069000e-01 7.963530360803444452e+00
4.800800292750970755e-01 7.746229867576069239e+00
5.390075951561400514e-01 7.947709791403809731e+00
4.975225018725255022e-01 7.745824862263415156e+00
4.012383719430443474e-01 7.961769149471398244e+00
3.641344507307340272e-01 7.751421416563148981e+00
6.486645063462924410e-02 7.956494826786074448e+00
9.989999998951032412e-01 7.750880741012764474e+00
2.985814955058218589e-01 7.959688917947072895e+00
4.194443247599369817e-01 7.755872108775906604e+00
1.364936214540588555e-01 7.947139341729593909e+00
8.246118294544667604e-01 7.772307021990598308e+00
1.242130097162791880e-01 7.940711000665241492e+00
9.756860868299682688e-01 7.756638981299385449e+00
2.064485353349860275e-01 7.936747847145022128e+00
9.989999999993892654e-01 7.759986513310725975e+00
2.932835236012526492e-01 7.947817851089138408e+00
8.484741698667401799e-01 7.764201867282527481e+00
2.653376064965912717e-01 7.938521471537433705e+00
9.989999999999881197e-01 7.776329036646438375e+00
2.755169525208100434e-01 7.945068145592403930e+00
2.919881684744489170e-01 7.761436086792505407e+00
3.183950871477648770e-01 7.950992022874541654e+00
9.989999999653560447e-01 7.785485383671228554e+00
4.416254107429957720e-01 7.946999883923896668e+00
1.651222166154135973e-01 7.725244743480322640e+00
2.086080701887252642e-01 7.957459899312553375e+00
7.160961299444980055e-01 7.743422286144853395e+00
3.017078476598208936e-01 7.949023869710058143e+00
9.989999999994098046e-01 7.758730615188656365e+00
2.799613025496084373e-01 7.949835679942937716e+00
9.854499186642764474e-01 7.756707747729149283e+00
4.177846721887671921e-01 7.955301720761753792e+00
9.275810990277832957e-02 7.697395095502665541e+00
2.861675393653749788e-01 7.945549205408164894e+00
5.648633704751797602e-01 7.764477913182399327e+00
3.467369114539796127e-01 7.956807752875961093e+00
8.323930159324256506e-01 7.756158633673964964e+00
2.385950200742112115e-01 7.950594654039742082e+00
9.989999999999986668e-01 7.720800845019359038e+00
2.982647940134371400e-01 7.945220646361254246e+00
4.735899001694513499e-01 7.747063341211161358e+00
3.847314644335862455e-01 7.947751651130283257e+00
8.003426173499591512e-01 7.780068141408101212e+00
2.344501468239458541e-01 7.947666644135127356e+00
7.834831476707122544e-01 7.776407219737350829e+00
1.074316524778860249e-01 7.946221798689183657e+00
4.646113408759310892e-01 7.776543105526360300e+00
3.661237360332599278e-01 7.949909556885224049e+00
8.105530512610663596e-01 7.751060962061219861e+00
4.512195368523459482e-01 7.949366511069337449e+00
9.989995840481608047e-01 7.773372353260436185e+00
2.546610081057348318e-01 7.944631865442904228e+00
5.451236736704409003e-01 7.762090675299565312e+00
1.260462311162178772e-01 7.957505479697815076e+00
9.989999999999957803e-01 7.752969896809792871e+00
3.019206387058552821e-01 7.946256915799713383e+00
4.953632541505872400e-01 7.772143961905784160e+00
3.218996707984573269e-01 7.941223373347763292e+00
8.390557387897352726e-01 7.773206551706016043e+00
2.323586678435078101e-01 7.948856248805861391e+00
5.431179819538763942e-01 7.778687758399115637e+00
3.929584227991373413e-01 7.951201829157125367e+00
9.989999999999998881e-01 7.728352346237586268e+00
2.871451363678925728e-01 7.950319508246090017e+00
9.807937113646524319e-01 7.782900619960823718e+00
2.626248972856169428e-01 7.947943342371261544e+00
8.219239690894837302e-01 7.728127289100434005e+00
2.029626466948993568e-01 7.937667602126433408e+00
8.297812746867607725e-01 7.750806230334596592e+00
2.762989899465459476e-01 7.943125430147760291e+00
2.461122462316796822e-01 7.735544193919736244e+00
3.031197387210218253e-01 7.952499039342484366e+00
9.989999991108815536e-01 7.786448488348024277e+00
5.307193092873867535e-01 7.967079037539736674e+00
9.989999990331891455e-01 7.741041580794831845e+00
3.029890553899128869e-01 7.952979749029828405e+00
9.989999999950880394e-01 7.789315535671311075e+00
2.075949235968991835e-01 7.955852995977660491e+00
9.989999999760621474e-01 7.774931452038990720e+00
3.419808490534780865e-01 7.958052918466791859e+00
9.989999999999998881e-01 7.768272299498150346e+00
3.298130843636966625e-01 7.949574053923474715e+00
2.453390255543486387e-01 7.755282656598902591e+00
3.476778309786135446e-01 7.959954368624631016e+00
6.506596223880969365e-01 7.745589404778002951e+00
3.058560979664938229e-01 7.947312094624170875e+00
6.883689441803385323e-02 7.699024476655431215e+00
1.091972580420794564e-01 7.949586627254405791e+00
8.706714107648888534e-01 7.776923819345756606e+00
4.439623612680904108e-01 7.976530480842120241e+00
3.698213702759912680e-01 7.737009152257920519e+00
4.867100999541587592e-01 7.961260456560956378e+00
9.989999878483125650e-01 7.756269337775485440e+00
2.984365175885160260e-01 7.948097574850175207e+00
9.989999515868154267e-01 7.762106522814548271e+00
1.789050674110684025e-01 7.945911123177561208e+00
9.989999996545595451e-01 7.753944383555915643e+00
3.169309572454919177e-01 7.942761149571724744e+00
9.989999999965939459e-01 7.735592802026221904e+00
2.495062380879368991e-01 7.942589710614362808e+00
4.423266994540574482e-01 7.743155476243147817e+00
4.641297390191293504e-01 7.961718043128725775e+00
8.825116641156426356e-01 7.736908071682282007e+00
2.694065157723704584e-01 7.942817140415761479e+00
9.989999999984527923e-01 7.744235946199224507e+00
3.249145405119528984e-01 7.949055515481775913e+00
9.989999978241955736e-01 7.768383413587280906e+00
2.913515337877301548e-01 7.936359358481085202e+00
5.091648882290730205e-01 7.746537032255806032e+00
3.268124236368856739e-01 7.945930285820466565e+00
3.927025791773245400e-01 7.749640153411286647e+00
1.982202522282602575e-01 7.935574241537143081e+00
5.400843291717657424e-01 7.769238884545480062e+00
2.546343467743464317e-01 7.941165664850617922e+00
8.227816199037195632e-01 7.735631122464672771e+00
3.161760840450318910e-01 7.970573156549202842e+00
9.989999999999683578e-01 7.763606209126991509e+00
1.482314235815128944e-01 7.937777233733275928e+00
5.812110931989473706e-01 7.757108824638099698e+00
2.966257838896430715e-02 7.954320650160298101e+00
8.797368370616654998e-01 7.777790552690026615e+00
2.048224351941559662e-01 7.948979495330905642e+00
9.989999999817805731e-01 7.760866091501646302e+00
1.558097704782108739e-01 7.943693943783782352e+00
9.989999999999998881e-01 7.730817044762324564e+00
3.557700855578640464e-01 7.952808035233356776e+00
9.989999942271179378e-01 7.727924617958525921e+00
1.832512182567023473e-01 7.947030733450485052e+00
3.553966641961744388e-01 7.753643028248044189e+00
1.344554551380067742e-01 7.939441694134794503e+00
2.101843771158107832e-01 7.762313578043047002e+00
2.166026786571742802e-01 7.943228406008380205e+00
9.989999999930362362e-01 7.729811900192746776e+00
3.218090387841499034e-01 7.946200279534002320e+00
5.316412097327652964e-01 7.752673444633122024e+00
2.054096221845498615e-01 7.955594301338861918e+00
6.555575660440120522e-01 7.779325583652464182e+00
2.913410186946882030e-01 7.954726439453653875e+00
6.429642738453568152e-01 7.742785932676949479e+00
3.359576408565170813e-01 7.950537636856750190e+00
9.989999999999991109e-01 7.762653944230566871e+00
3.259707844175744884e-01 7.949499161007754999e+00
5.001087953662423091e-01 7.752096298047701062e+00
2.803483902235912595e-01 7.955979031347125030e+00
3.110014238761217853e-01 7.735380228144122405e+00
1.391742835695194969e-01 7.938873633084805093e+00
9.989999999679767262e-01 7.744657289225853170e+00
3.265457016602794638e-01 7.938063871604817301e+00
7.699549391899911388e-01 7.740696190268866239e+00
1.317278086205274923e-01 7.947390874636186986e+00
9.989999999980065937e-01 7.766146872802879741e+00
2.717919206788785846e-01 7.954511263289267831e+00
9.989999999999998881e-01 7.753049665216717123e+00
4.564296595322498429e-01 7.954689707689703404e+00
7.231046023687475177e-01 7.763955962174824421e+00
2.691675281784676743e-01 7.952443442863376788e+00
1.050636285862952546e-01 7.689321689245466551e+00
2.271465639929737546e-01 7.938703411266229359e+00
9.989999999999998881e-01 7.793894090155153442e+00
2.356807262535654812e-01 7.954058583693145223e+00
3.585066894938880866e-01 7.730787282879919786e+00
1.797093848708102015e-01 7.941794855900713657e+00
3.367965940261918867e-01 7.749995520204787880e+00
2.964348775884940723e-01 7.951384005745874894e+00
9.989999999999998881e-01 7.766075496363354702e+00
1.385675444245665355e-01 7.940893608997466657e+00
9.989985690548786046e-01 7.739507272182581055e+00
3.201067414120354893e-01 7.956561322373754130e+00
9.989999999999998881e-01 7.752031500531195718e+00
3.489826484720049971e-01 7.945719735816785700e+00
5.047523733619035946e-01 7.739340375650623827e+00
2.681561777678570513e-01 7.949648971178302936e+00
6.141848320892566715e-01 7.733748302660560903e+00
3.890563335531734834e-01 7.967882010376800217e+00
4.643874903616647676e-01 7.744521838959949278e+00
1.572880837360068618e-01 7.941204527199798413e+00
9.989999620206813091e-01 7.764756958821999788e+00
5.158584906822433203e-01 7.953753564218024152e+00
8.451405352484252231e-02 7.735498166941393805e+00
3.976922968893030763e-01 7.950327434383715364e+00
9.989999999999986668e-01 7.734920425568704516e+00
1.710877740983147988e-01 7.927904382916861614e+00
8.898795741886298405e-01 7.749959999917923170e+00
2.944831016302085214e-01 7.940580417679106162e+00
4.571933484785048463e-01 7.765835553334160757e+00
2.971513394986216028e-01 7.951121910451392161e+00
9.989999999999998881e-01 7.765188354072965815e+00
2.605338291144547735e-01 7.938289338296651287e+00
9.989999999990267776e-01 7.744719876860075125e+00
6.081239832387682620e-01 7.950364781732115027e+00
2.396562526386400438e-01 7.743798048338652151e+00
4.285794271108124276e-01 7.951257345103890373e+00
1.374698926519265507e-01 7.757455476899747460e+00
3.057018000342000552e-01 7.968804692399839240e+00
9.989999999997551949e-01 7.757719183003582764e+00
2.606822025267582776e-01 7.954221393465899403e+00
4.450862477019677521e-01 7.758527337933164958e+00
2.401454113193519091e-01 7.939605970145342084e+00
5.452547493806225720e-01 7.754290679162703981e+00
4.477439125893123983e-01 7.952644208240808865e+00
9.989999999999998881e-01 7.714564985247297280e+00
1.768430279760865587e-01 7.941760358901345462e+00
4.557068075567431431e-01 7.759387943505291041e+00
1.632911016019113482e-01 7.945043191757932277e+00
7.337170491053813803e-01 7.763006118891013330e+00
3.759196735022059532e-01 7.942224065972459002e+00
7.937319991179645484e-01 7.790599200442135164e+00
3.645231229026313358e-01 7.963313508366701043e+00
3.551062219482858384e-01 7.731529582090062469e+00
2.557508403337010461e-01 7.952570697453878346e+00
5.536563414022896978e-01 7.758787021492700831e+00
2.852062498897239839e-01 7.942342411117655487e+00
9.989999999986128865e-01 7.743951829465685499e+00
1.594379472934002451e-01 7.946059399892032360e+00
4.956829674638424388e-01 7.731654360838796869e+00
3.967306161377471274e-01 7.944259036974973043e+00
8.382969930552948146e-01 7.731700088464597442e+00
2.652760910115096182e-01 7.942815385733722700e+00
9.989999999999998881e-01 7.686787440242709657e+00
8.677553342195000463e-02 7.933879566792737315e+00
4.805151430916593802e-01 7.749939363676292103e+00
1.887631248350812863e-01 7.955755501041153366e+00
3.750567049426614119e-01 7.759635096763172868e+00
4.000874135262199593e-01 7.946664322668772762e+00
3.817061818571523824e-01 7.764061584878306554e+00
2.840357103870638222e-01 7.953293503992424185e+00
9.989999999999998881e-01 7.772435045441805634e+00
2.768973873210481829e-01 7.957451486208997338e+00
9.989999999999998881e-01 7.772365527121320561e+00
5.460138233446425460e-01 7.966323769274346489e+00
9.989999999999213953e-01 7.754588516525406483e+00
2.723824682329706315e-01 7.950305639400076174e+00
4.830677900948688319e-01 7.752376954380620688e+00
3.289175990520653570e-01 7.952205315918543960e+00
9.989999999999998881e-01 7.747514911142070915e+00
4.791764602919804661e-01 7.948464899116365778e+00
9.989999999999998881e-01 7.756214285039025214e+00
1.538677645653047654e-01 7.937117474141860640e+00
9.989999999999998881e-01 7.774409958094280704e+00
3.771720042775663639e-01 7.949976693891752433e+00
4.836042310277251510e-01 7.767534864335821077e+00
3.902158853656925164e-01 7.947971572818852692e+00
8.006554305092051793e-01 7.765097018597399980e+00
2.793245683060985307e-01 7.955732387526656346e+00
5.182698845407788246e-01 7.765226410987994932e+00
4.069228342807962862e-01 7.952594668080966933e+00
2.109584797731894334e-01 7.729245762118858387e+00
1.521273375133449235e-01 7.950719006168059266e+00
8.319323103987570356e-01 7.755937299471970192e+00
4.119766545245917566e-01 7.957455167806628538e+00
4.136745065724200532e-01 7.730491194480889838e+00
5.810012453027894042e-01 7.974144608414602153e+00
4.773461916918403380e-01 7.738162008744332354e+00
3.901739723246325231e-01 7.958572733650691511e+00
3.954863120732862725e-01 7.757307153977253122e+00
2.018392666012360503e-01 7.948534960002379357e+00
7.770377987668640740e-01 7.757919073166950952e+00
2.189501357448829788e-01 7.939373188294206685e+00
6.935123932808593405e-01 7.750180171102974747e+00
6.039271893799257329e-01 7.952683681557769724e+00
4.627202742127726198e-01 7.758953868342489457e+00
2.287599515833508290e-01 7.946548330482689160e+00
9.989999999999998881e-01 7.768179624755221724e+00
5.928838828508856684e-01 7.959022536664301484e+00
9.989999999989577217e-01 7.765026700643813840e+00
2.597989194395519119e-01 7.958391732447425149e+00
9.989998402832949154e-01 7.777364682831506393e+00
2.313269076282835623e-01 7.937858659094533920e+00
9.989999999998591118e-01 7.727306205747923151e+00
4.197856458124392121e-01 7.960856392992723407e+00
5.617154726033651846e-01 7.734966407768902208e+00
2.231586084797615444e-01 7.937863188573945017e+00
4.067090770165621150e-01 7.754252460626798182e+00
2.093859874565465462e-01 7.964764042287238333e+00
3.974324244291336239e-01 7.750372045593724835e+00
1.190193240253642482e-01 7.936439198829060793e+00
8.759311121017779866e-01 7.724890807455806474e+00
2.933411340338095141e-01 7.953845366774376480e+00
5.306228733035626144e-01 7.760178738757597117e+00
3.525932148432901481e-01 7.956261827394999209e+00
5.656224095398748597e-01 7.718069573457127852e+00
3.726910294696121895e-01 7.949772741598773784e+00
8.093016896639468882e-01 7.776011075940070683e+00
3.597614019304229971e-01 7.951577198642826971e+00
9.989999999999797931e-01 7.758199754641856849e+00
3.177810991890097081e-01 7.946539679298260772e+00
9.989999999999994440e-01 7.772642739592130923e+00
2.096948991504296589e-01 7.930833046079547088e+00
9.989997092413068769e-01 7.779105948932101278e+00
4.233488345641773787e-01 7.954050090817437635e+00
2.603776532791396425e-01 7.751387550039048335e+00
1.400669673755931266e-01 7.942652977264022418e+00
9.764205043655339589e-01 7.735985871560655092e+00
4.632671695993259009e-01 7.949674315893125787e+00
5.967622722552454739e-01 7.765761265657188162e+00
6.512764295349064703e-02 7.940884189608858001e+00
4.554109329181123544e-01 7.748408478373777442e+00
4.053509722536491333e-01 7.954260879714064814e+00
3.601555102839162914e-01 7.764483969988574152e+00
1.663868290062673616e-01 7.950201264471283835e+00
6.484299173815097905e-01 7.759869472269613766e+00
2.763180128086124010e-01 7.934183950323400403e+00
9.989999999999298330e-01 7.751860045075262384e+00
2.409652965386922807e-01 7.959267708922338258e+00
9.989999999999998881e-01 7.763437001291196182e+00
1.855995801170360060e-01 7.949901702038641993e+00
9.989999999663010666e-01 7.775537672971357672e+00
2.294420969821049094e-01 7.946316763978308551e+00
6.305095557878939161e-01 7.751320400259147370e+00
2.032228184777402635e-01 7.944860261983422767e+00
9.989999999580364554e-01 7.763267047795676667e+00
3.987362953529868803e-01 7.945652073649788427e+00
9.989999388955438375e-01 7.739030631442249231e+00
3.928889579053525538e-01 7.944181336097953405e+00
6.589920005069681563e-01 7.781613442415348914e+00
3.329395015248888812e-01 7.955605885242824193e+00
2.081452203030451920e-01 7.748346609794995565e+00
2.925820098751066300e-01 7.951802353675489599e+00
8.073790744009160525e-01 7.766402874819029911e+00
2.240118844472163140e-01 7.957468134133712567e+00
6.727715709118486931e-01 7.757559083252976606e+00
1.795438215971973395e-01 7.937068528713267845e+00
4.899950742497339862e-01 7.761866157201625427e+00
2.344162669549115785e-01 7.942177392346691178e+00
5.312537562135953850e-01 7.759580502984886330e+00
1.508624133594518302e-01 7.947155706589760449e+00
5.270436427652137601e-01 7.740129786962523184e+00
4.247981119840918973e-01 7.969519504494845030e+00
9.989999998901446521e-01 7.778170725578835487e+00
2.590086772887585376e-01 7.953473305558961925e+00
4.809219404508758844e-01 7.778847680220597027e+00
2.721713600510838327e-01 7.956114285907391448e+00
4.337993229473764423e-01 7.749529074958293684e+00
3.907802118966145488e-01 7.975405034838665586e+00
5.908184117538166635e-01 7.729133716395957698e+00
1.000000018242242807e-03 7.939885236162397497e+00
9.409336031858939187e-01 7.748024837325005798e+00
1.144055681184299317e-01 7.941221812943882519e+00
9.989999999996795887e-01 7.756990223546353924e+00
3.243462196850205315e-01 7.961228493640507331e+00
8.726583585425348732e-02 7.727055199464491153e+00
2.017568709313806441e-01 7.952871818722099029e+00
9.989999999999996660e-01 7.737897558449863489e+00
2.537648848793594425e-01 7.953187813832696129e+00
9.989999989789689616e-01 7.768179770529340722e+00
2.664599087561264623e-01 7.941418417093891513e+00
3.921437563253788450e-01 7.734566640955139682e+00
3.049609848616032237e-01 7.940657158971617946e+00
9.989999975331722570e-01 7.730082353655618022e+00
2.160577568344121679e-01 7.953043765347050709e+00
8.467144447597991785e-01 7.746910127418458636e+00
2.996249335383223134e-01 7.930667177115918065e+00
6.088836671079703722e-01 7.745685387401889166e+00
2.610134481576975585e-01 7.946495872621395229e+00
9.989999998951032412e-01 7.734184051253297554e+00
1.951572612333888901e-01 7.941808929227017977e+00
3.522655501387834120e-01 7.747846736502673970e+00
2.900637830482094559e-01 7.954440004334573544e+00
9.989999999999998881e-01 7.762545112255391899e+00
2.996596970677122274e-01 7.942870803012249681e+00
9.989999931229592844e-01 7.802958520275298682e+00
1.000000002767475939e-03 7.934861612599380720e+00
7.446276438455667890e-01 7.785217358795014420e+00
2.081895932318582054e-01 7.955930519727558270e+00
9.989999999999998881e-01 7.749647653789232926e+00
2.016924259174505407e-01 7.955614225836037612e+00
6.808531505029457032e-01 7.776048821048025417e+00
3.021902029045462901e-01 7.950224300448519799e+00
8.137426318042518814e-01 7.779628755875568125e+00
4.055073688764332940e-01 7.952318260027844588e+00
8.436317769094903163e-01 7.775056851462027296e+00
2.081668337758843246e-01 7.948986276427780773e+00
9.989999999999764624e-01 7.752303507618944600e+00
2.963253235389169404e-01 7.955669638805599853e+00
3.064591165926077720e-01 7.758379328188403257e+00
2.592331211263207980e-01 7.956122432430617231e+00
9.989999999685100773e-01 7.770455358079590091e+00
2.928893654206171648e-01 7.948799281313212894e+00
9.989999999999981117e-01 7.725886145187108589e+00
2.242623703644406885e-01 7.945265058954695370e+00
5.596115500298586287e-01 7.773611516049383496e+00
2.683232010071365248e-01 7.936091064802738515e+00
5.013296017466210008e-01 7.756347950690154036e+00
3.744508989749606442e-01 7.959334788156956719e+00
7.960950995047718637e-01 7.781134908885515067e+00
1.828846603520716263e-01 7.952603954793008079e+00
1.521315265716850496e-01 7.768613827754039747e+00
2.514391787964850300e-01 7.949481065968639903e+00
9.989999999999985558e-01 7.790836570584057874e+00
4.092772334443534610e-01 7.954774981885227803e+00
9.989999953811067313e-01 7.764345644970275018e+00
1.876155435534843929e-01 7.945174909130750862e+00
5.871259476508980946e-01 7.782598137951027617e+00
2.831586204257703354e-01 7.956110901806506597e+00
7.641526522880441874e-01 7.756273362047656939e+00
3.054547408828633959e-01 7.957819394166703475e+00
9.989999999996427293e-01 7.742266272030787100e+00
4.608026005528667035e-01 7.959956453945833843e+00
9.989999999999998881e-01 7.746728065453177159e+00
3.125680782137946201e-01 7.949630032005932101e+00
9.989997212493837431e-01 7.778133059857424314e+00
4.016136083809485058e-01 7.945244878876197347e+00
9.989999999999998881e-01 7.751097283260791393e+00
4.702814242218276153e-01 7.959607434360536082e+00
9.989999999999951141e-01 7.742027539893847177e+00
2.747666434132933766e-01 7.937492536680432309e+00
6.371753993888821244e-01 7.771263748353374190e+00
1.696076556735942875e-01 7.930767921079397986e+00
9.989999953818486933e-01 7.745009117085966288e+00
3.009811036644889914e-01 7.954109480905560581e+00
9.989999999998014912e-01 7.767865211349545440e+00
3.969837367784835869e-01 7.951057837898684255e+00
6.847417330312350892e-01 7.742694205268484176e+00
2.922196800782830839e-01 7.941190584721702805e+00
7.773611902139596630e-01 7.755719821829939242e+00
2.896853117126891863e-01 7.946054979899797033e+00
4.697196118644034746e-01 7.777909421533300005e+00
3.478179333867765233e-01 7.950856272232731392e+00
2.281536926601257509e-01 7.743777891634995747e+00
3.247742607561077133e-01 7.934170820199072161e+00
8.680886928894606669e-01 7.768439286754178497e+00
3.726344041697982057e-01 7.941590847867235681e+00
6.365607513086957159e-01 7.764940431204487403e+00
4.953378670762369484e-01 7.950883264437651476e+00
5.581518550704799297e-01 7.758989416877375866e+00
4.140480399198809280e-01 7.973569887760988628e+00
9.989999999999998881e-01 7.781291129407679641e+00
3.594671012941039190e-01 7.939990126272373772e+00
3.904308744389373143e-01 7.741762313208885971e+00
3.780114871859736048e-01 7.947847550425489516e+00
9.947929522327987328e-01 7.755679298510320230e+00
3.555104310726399652e-01 7.949461446908686391e+00
8.834448108626369311e-01 7.760407761763377543e+00
3.786757256305754438e-01 7.942465149047485795e+00
4.109746572196763537e-01 7.735024491128658752e+00
4.183842320796369307e-01 7.953437105466668378e+00
3.621433399810448650e-01 7.742747174578983760e+00
2.522468729138639953e-01 7.949943727278286687e+00
9.989999999999996660e-01 7.757082588375066479e+00
1.161353613931287165e-01 7.933527322079926947e+00
2.350390295876549629e-01 7.762789817344840415e+00
3.364598391576242298e-01 7.948517532305376498e+00
1.238934328504938676e-01 7.761903360530626017e+00
5.408058022593036362e-01 7.938999588704321653e+00
9.989999999999998881e-01 7.791655312789998789e+00
2.945348014750268084e-01 7.950116265661280046e+00
5.942983792214440175e-01 7.744344684904875820e+00
2.550972347228969150e-01 7.948529105445299336e+00
1.777891354839539750e-01 7.733295706230679301e+00
4.479933370778076962e-01 7.960713117804007588e+00
9.989999999999998881e-01 7.764753532709905315e+00
2.881564798092989266e-01 7.945242604483679472e+00
9.989999999719487711e-01 7.763280718379973244e+00
1.323838592922248203e-01 7.948367630543730300e+00
9.421341765849127192e-01 7.759664009316618483e+00
1.437985958010531695e-01 7.932708265275503656e+00
7.959585850808449381e-01 7.786897004213156670e+00
3.759250386473039218e-01 7.954705168581310382e+00
2.146240883294471546e-01 7.741586858597830911e+00
1.300024756338272747e-01 7.942232014568444853e+00
5.584412398050632165e-01 7.789400355700383471e+00
1.562395314972495619e-01 7.952528854024441429e+00
5.929674028477418535e-01 7.753003363580743823e+00
3.181315711290583215e-01 7.937807610447820572e+00
8.238148830252149946e-01 7.771595878637211463e+00
2.206066988902871395e-01 7.949777994439858553e+00
3.512629321559935236e-01 7.751736097493187927e+00
3.938212062260674218e-01 7.943503381098506289e+00
9.989997197401843110e-01 7.761560766758945462e+00
1.679879849153280424e-01 7.933373163230562852e+00
3.623645548912188818e-01 7.706077837180886903e+00
1.393584360348333884e-01 7.965284400983135171e+00
7.412466368162599073e-01 7.787583165448073608e+00
3.154459658717243542e-01 7.941165372037171544e+00
2.320847716456498622e-01 7.742125886700586435e+00
2.232531240230306580e-01 7.951840019962667760e+00
6.131640093591795848e-01 7.780160926439406488e+00
3.542666791256853243e-01 7.956336022527978891e+00
9.989999999999893410e-01 7.735038834227988325e+00
2.779501449456077689e-01 7.953092748239243726e+00
9.989999994898961511e-01 7.757656005256197140e+00
1.009849353462173999e-01 7.946346650221786767e+00
9.989999999999998881e-01 7.764162436352720853e+00
4.037998665145647870e-01 7.951655348994616901e+00
5.631925431182553954e-01 7.794165256872005898e+00
2.163137004322366885e-01 7.949817345310230543e+00
8.842555609455831078e-01 7.778241840170034394e+00
8.461871404854648393e-02 7.930462691762357075e+00
4.252511029304420487e-01 7.757046605775380854e+00
2.658278574765954860e-01 7.945935857618416698e+00
6.761335098176585179e-01 7.741985393920967518e+00
4.736856077078929750e-01 7.961148651444225344e+00
6.670445204931916283e-01 7.766949917804984338e+00
3.399022210926772591e-01 7.946454066937237215e+00
9.989999845758560371e-01 7.748053503840116818e+00
2.774079333560303118e-01 7.957777577142960190e+00
1.129607342261833847e-01 7.742173388527015199e+00
4.505272182200964481e-01 7.953808934831166688e+00
4.924504545248344911e-01 7.744154143244000643e+00
1.161483866431413520e-01 7.936910232873746196e+00
9.989996588366720776e-01 7.775903140710060057e+00
2.302250626141808809e-01 7.942211479190494750e+00
5.725302020026994398e-01 7.754213028259806961e+00
3.199005565441876975e-01 7.953572527820766069e+00
5.272680387241639455e-01 7.742174823825293650e+00
1.500359040528977395e-01 7.935645942326868152e+00
9.989999999999970015e-01 7.766040244278145543e+00
3.698393203503367310e-01 7.951757801635531031e+00
9.989996370190189490e-01 7.777883507662264329e+00
2.205044375443581117e-01 7.947370268823531703e+00
9.975434830030306399e-01 7.797319775175624024e+00
5.332184579477742409e-02 7.934792298167538505e+00
9.989999999999998881e-01 7.756232308129682451e+00
1.653463523324158191e-01 7.941420515512385592e+00
9.989999999999998881e-01 7.763109418448239651e+00
3.152409850280886716e-01 7.945840148210892906e+00
7.643621863049008258e-01 7.768654079281669844e+00
5.103343368860978613e-01 7.955368187463141894e+00
6.272816368716837010e-01 7.731309189661044634e+00
6.391288971546879583e-02 7.949081645463261125e+00
9.989996897980739643e-01 7.729846293313087813e+00
3.428113986880020336e-01 7.945495695754039467e+00
7.565750473834026435e-01 7.771653103258171491e+00
2.968440857395405197e-01 7.967822785542965747e+00
8.734341900219613208e-01 7.765836389058331513e+00
4.002302528131965187e-01 7.960511093319058595e+00
3.499927905772035053e-01 7.760564581148283736e+00
2.670150064941845258e-01 7.957391362005929558e+00
7.517399946111391618e-01 7.732243354831729754e+00
2.299157463323537043e-01 7.966848883298910167e+00
9.989999999999998881e-01 7.741110598072973303e+00
3.155790093104470784e-01 7.940369238050541512e+00
7.805515038054114951e-01 7.773356281539697044e+00
3.168687134408001427e-01 7.955522617125946105e+00
9.989999997533792753e-01 7.764621650505850070e+00
1.983628164444394826e-01 7.941222400390717695e+00
9.989999999999995550e-01 7.762490328455725397e+00
3.113445409073726799e-01 7.948277478637979065e+00
5.369332119282483884e-01 7.772572878011724029e+00
4.188640998700992046e-01 7.953306092284790019e+00
9.866970601779784245e-01 7.741290477127498626e+00
3.360061058892925834e-01 7.940547820771048926e+00
3.149134254517695908e-01 7.761376832416220672e+00
3.458622765222436057e-01 7.950829937586376239e+00
2.840339795729759365e-01 7.750016867030311118e+00
5.653367555047270621e-01 7.964690345359587198e+00
2.853138864691326937e-01 7.730320728018647003e+00
4.124606921333673348e-01 7.940958739068560313e+00
3.089731625939067805e-01 7.692610178724418546e+00
5.291760598259834802e-01 7.951275646257332852e+00
2.499725064975116817e-01 7.698080619253698131e+00
3.207199937051243288e-01 7.964043005671554987e+00
5.878139635280713593e-01 7.758939833731359315e+00
4.517212720267435033e-01 7.953409669732122822e+00
3.808517513800133147e-01 7.738184584158350532e+00
3.209886908236870839e-01 7.946996139270937398e+00
2.125429930095840414e-01 7.740728269076491586e+00
3.893066692116271543e-01 7.949535103975551742e+00
5.749437991871034770e-01 7.764860688597638116e+00
2.415589422754892135e-01 7.932081883138851097e+00
9.727261325514678925e-01 7.794989953014811235e+00
2.228497086263733218e-01 7.950682246746316295e+00
4.452695136209045557e-01 7.772623383297285748e+00
5.122158062252633037e-01 7.949267632198483646e+00
7.916286767033395844e-01 7.742713179078981156e+00
4.226827048872769943e-01 7.940449936961146982e+00
3.335711639471955481e-01 7.746144885109697675e+00
2.663377326058193884e-01 7.944764507218493144e+00
9.989999999682308562e-01 7.742859262917057173e+00
3.694983641874338698e-01 7.973827770480300003e+00
2.306620410197020299e-01 7.744942931678203912e+00
2.261242928635698035e-01 7.949121312981423770e+00
9.989999999980873069e-01 7.777004978541221192e+00
3.723743348718222546e-01 7.953239292318121656e+00
5.249179558093679532e-01 7.744643069672849656e+00
2.150446923307477443e-01 7.935082617770817137e+00
9.989999999999998881e-01 7.759349629851965524e+00
4.141030186654668377e-01 7.955524251544373371e+00
8.909420058057512248e-01 7.791896978839050192e+00
1.134255169877251002e-01 7.950971329358744732e+00
6.816036565739397313e-01 7.786188299103489641e+00
3.297598920079858886e-01 7.954595897153025064e+00
5.080528670950206216e-01 7.755344281746318735e+00
1.308793237401051357e-01 7.936798455947008613e+00
3.183870878773820690e-01 7.738808946536068767e+00
4.704056210881201183e-01 7.945139775960587514e+00
7.688762243509802419e-01 7.784832009118395568e+00
4.182211877109938691e-01 7.962301406439270757e+00
1.809943806510902753e-01 7.742611623135277732e+00
2.391769386516669482e-01 7.949786380071257597e+00
9.989999999675515108e-01 7.731500499684531569e+00
3.412196281209801119e-01 7.974530787532079223e+00
5.819514715564589880e-01 7.751173200474562819e+00
1.563114219394152737e-01 7.952934361968801547e+00
8.072491549401591415e-01 7.760465453675032599e+00
2.127768796284768005e-01 7.945989863767901618e+00
3.502985215399364582e-01 7.751296373209092927e+00
3.124042199321482305e-01 7.953741816799757558e+00
3.560963400194605000e-01 7.765521412076250130e+00
3.027380710467343361e-01 7.937212962593218180e+00
2.958894601321338524e-01 7.733928164658491866e+00
2.777054487635238766e-01 7.957460512171628864e+00
2.295231555290607461e-01 7.742007906395834915e+00
1.485906749154462247e-01 7.940968457361969435e+00
8.803503207088135829e-01 7.754471349777835698e+00
3.575850581311975085e-01 7.949058006711179125e+00
9.989999597419747523e-01 7.758896112357454022e+00
1.268638381484153144e-01 7.949370275691280519e+00
1.249699638334335478e-01 7.730072571822701022e+00
2.999152527845962979e-01 7.952480485258801579e+00
9.989999999878192982e-01 7.771753326761353442e+00
6.150154862103970332e-01 7.969293355072184504e+00
4.261850270425209253e-01 7.756187182295033899e+00
1.693073215312521362e-01 7.932200242072962482e+00
4.746433320767410868e-01 7.731425272991601538e+00
1.774169907860931039e-01 7.951879311608230694e+00
5.951320782106268581e-01 7.775170213705986377e+00
7.200430634396330909e-01 7.964365126365972714e+00
6.833596403971698985e-01 7.749470848219617736e+00
3.011724275859090638e-01 7.936347769159401544e+00
9.989999999986380885e-01 7.760543070380209407e+00
2.582792798831576309e-01 7.954992830990661012e+00
3.232418576408216948e-01 7.758617022578961020e+00
2.259988939311387279e-01 7.954586151174903641e+00
3.012818658510391101e-01 7.751647467051782314e+00
4.129045877885972882e-01 7.942308573460615584e+00
1.704424663672256257e-01 7.706350492190011003e+00
2.630907477670716976e-01 7.941041563323659069e+00
3.096972811382938673e-01 7.756943178813285655e+00
4.791422407186519683e-01 7.964877681856732394e+00
3.406429418203947845e-01 7.706597415416191588e+00
2.789658952720443508e-01 7.964025327258403841e+00
9.989999700168142871e-01 7.768950267975094803e+00
3.794695134757145039e-01 7.957823499944260526e+00
4.047690888597271219e-01 7.734840795417845527e+00
3.081685700771305547e-01 7.950517215846152119e+00
9.989999995051596082e-01 7.744530801889728977e+00
5.290728190792349794e-01 7.957012344951153615e+00
7.871015662993372519e-01 7.759919512904803973e+00
1.375930922581029281e-01 7.944620258043920025e+00
5.522135200402690236e-01 7.739946139701391559e+00
8.727139084314894379e-02 7.940115599252276724e+00
9.989999998683333216e-01 7.770059010417584844e+00
3.961237624936774782e-01 7.963241610124338621e+00
9.989999999999998881e-01 7.767189399674164108e+00
3.305731643381368823e-01 7.950825076431431881e+00
4.371157020918672309e-01 7.748730947227451260e+00
3.202989742729396294e-01 7.942443666209689113e+00
9.989999999726016933e-01 7.790183356527472291e+00
1.990401998423265151e-01 7.963132691494925197e+00
1.076623073041922812e-01 7.717977644525132241e+00
1.921450609961967704e-01 7.937955231819432633e+00
2.969967089146835493e-01 7.760064647922830794e+00
1.919965700378598039e-01 7.924580576091067030e+00
9.989999965288242079e-01 7.745387558402841321e+00
3.355547032486723147e-01 7.954703428027182888e+00
9.989999919156064001e-01 7.749196363184222669e+00
1.954295030698019187e-01 7.936881157928772801e+00
9.989999999999989999e-01 7.747307895718190451e+00
2.413271559441525493e-01 7.964254904378361921e+00
2.053373229240699482e-01 7.733066461771448630e+00
1.780788047689793596e-01 7.932847013106911760e+00
8.520958303960016744e-01 7.777386076147809746e+00
3.603898495583630068e-01 7.950071133026248127e+00
9.989999988682649601e-01 7.762122368688574525e+00
2.850751522891009637e-01 7.940320968755307796e+00
7.185633204643983030e-01 7.763461830128393082e+00
1.856997779901998213e-01 7.953771854867219382e+00
9.989999778981170087e-01 7.747027601603138969e+00
5.680654301331020672e-01 7.960891168752969982e+00
9.989999999999743530e-01 7.773101792151484446e+00
2.969214452708335839e-01 7.955882227718642064e+00
5.859574637796631791e-01 7.748598842387777630e+00
1.928277316713302159e-01 7.942753091486478567e+00
4.983848052141569562e-01 7.761870954940741640e+00
1.866189362436938004e-01 7.934158691593345303e+00
4.532435558270240805e-01 7.745330285705067652e+00
3.045727977116815532e-01 7.943647569908216965e+00
9.989999999980154755e-01 7.753719758239771664e+00
3.372564926133662655e-01 7.949822987012033160e+00
4.357621078671429782e-01 7.734463433668782528e+00
2.554155435891067860e-01 7.951152290239960507e+00
7.863628816471640581e-01 7.761841146885488207e+00
3.887682684671404099e-01 7.955145545746879598e+00
6.280099922792541367e-01 7.766450562124092905e+00
2.915977689461078937e-01 7.932049759475315653e+00
9.989996453942399102e-01 7.782546971924441337e+00
2.268286024872550322e-01 7.949592667725221773e+00
9.989997961429085693e-01 7.755473496300602676e+00
2.355199415553638209e-01 7.960662162444287482e+00
7.506033659780360079e-01 7.753418528568409407e+00
2.542676767935787008e-01 7.937062423692609059e+00
9.989999997267255960e-01 7.727956942002581542e+00
3.179281492637799356e-01 7.944353657584618311e+00
6.459967784209545982e-01 7.763963394088510661e+00
2.849744209652167459e-01 7.951891963724727397e+00
2.661866742591995627e-01 7.749249143181295985e+00
2.559923527235556384e-01 7.947100037827421914e+00
9.573945894007876989e-01 7.790384026544121987e+00
2.319178253384163446e-01 7.942457053821994073e+00
5.223658695413602171e-01 7.718680583715053167e+00
4.108084925808280774e-01 7.963175529317527257e+00
2.653557983527798925e-01 7.734345195200743817e+00
2.385733345420609497e-01 7.943081198700470580e+00
5.544699697039213726e-01 7.723150820071975176e+00
2.143124136542691738e-01 7.942963934658978431e+00
1.225567908283141522e-01 7.725410963153212407e+00
1.101284986667014770e-01 7.951826620068497498e+00
3.156718310658629401e-01 7.752919041720953253e+00
1.938405600822339092e-01 7.939886634674668819e+00
9.989999999996647118e-01 7.787320823657165825e+00
4.856664642467071191e-01 7.958077951618972357e+00
9.989999999999998881e-01 7.778682874375548728e+00
3.360336216095708983e-01 7.956351161420296414e+00
2.973147201688979280e-01 7.764431025238142325e+00
3.137280019672166742e-01 7.946271543804836135e+00
9.989999999999960023e-01 7.729348407359440287e+00
3.188794032925548194e-01 7.957995455321318801e+00
9.989999999999998881e-01 7.766306979851526293e+00
1.775778597964533523e-01 7.949379920694036095e+00
4.947854563678474316e-01 7.762256860656436608e+00
7.815214758859513611e-02 7.934806732047825939e+00
2.069764590948380278e-01 7.738329099073070871e+00
2.005442195565698693e-01 7.938167646538299316e+00
4.449027916633600532e-01 7.763450681328364134e+00
2.417762560895031776e-01 7.964603962122212444e+00
9.989998800420715197e-01 7.754550215692534110e+00
2.182788295215483954e-01 7.937537956796837157e+00
9.989999999999952252e-01 7.717167058728727547e+00
3.672115242712738481e-01 7.950941099144817947e+00
9.989999997543663746e-01 7.772346525935860839e+00
2.851000403894257129e-01 7.946430315077955164e+00
7.913029649308473967e-01 7.777596362707762445e+00
2.275116885398706379e-01 7.938948729444875063e+00
9.989999999999998881e-01 7.721337220626296016e+00
3.723614166915078516e-01 7.960932216082007962e+00
7.832385716159376843e-01 7.771090910686288211e+00
3.970932271171270789e-01 7.954436848413049432e+00
4.578400830641095043e-01 7.748126836866044087e+00
2.767344738924538694e-01 7.949421611003409716e+00
9.150493368516582349e-01 7.770122665082560331e+00
3.667103211763685922e-01 7.958906633850198808e+00
1.191100971699216304e-01 7.718360112813612339e+00
1.112425745134675570e-01 7.958366852847863271e+00
9.989999999999927827e-01 7.762685583425988689e+00
5.821674394002304131e-01 7.970000485727839035e+00
5.547560129402154816e-01 7.759802474301059405e+00
1.955540453209858864e-01 7.951430731062632873e+00
5.410451416235793065e-01 7.749640070590427143e+00
4.141449260980287206e-01 7.967583345789419624e+00
4.873919170502586939e-01 7.763842454668208326e+00
4.131062316089401110e-01 7.952984793067400915e+00
9.723057291993393303e-01 7.735694383512422334e+00
1.917335557260307910e-01 7.952673889871686441e+00
9.989999999997767333e-01 7.784704533859086339e+00
1.815303342905205952e-01 7.948910773311267164e+00
9.989999999963440347e-01 7.769074744278829492e+00
3.541570594354455093e-01 7.958964628135411168e+00
9.989999306024932579e-01 7.773665016689290219e+00
2.795403694639581049e-01 7.953367142135846279e+00
9.989999648727411197e-01 7.779954755809795230e+00
1.472456382897246729e-01 7.963423882162088852e+00
9.989998135892940168e-01 7.773030518649266085e+00
3.628758328268748001e-01 7.960409557546264558e+00
9.989999999999998881e-01 7.776363903065143468e+00
3.742528907259182192e-01 7.954431432861999163e+00
9.989999999204979275e-01 7.754563427325457781e+00
2.070441633128410619e-01 7.947027525204032550e+00
5.320358242557133854e-01 7.764291046849233879e+00
2.857140593289826946e-01 7.949034504327099349e+00
9.989999999999998881e-01 7.785948716608123377e+00
1.978190623461756892e-01 7.940864601660758915e+00
4.166024350139120314e-01 7.741552465526704729e+00
1.847925886264742967e-01 7.950656621732448137e+00
9.989999999999995550e-01 7.778850889937207747e+00
3.925362389644531103e-01 7.966817487791413299e+00
6.912110696064954762e-01 7.743001507767300673e+00
1.532413548716488605e-01 7.946073634665947516e+00
9.989996643900346251e-01 7.760410432941953651e+00
1.861016140849743317e-01 7.945015277359501304e+00
3.873696002665726890e-01 7.737997641526371595e+00
2.872667653648302011e-01 7.943054620058052073e+00
9.792966638454433381e-01 7.744680171360689869e+00
1.928632536442674295e-01 7.941362330194030150e+00
9.989999999995757829e-01 7.749007047880885679e+00
2.350798504659770694e-01 7.949472190330667765e+00
2.763712693798865416e-01 7.773606348770901064e+00
5.378324742504613232e-01 7.948081575262000875e+00
3.279046041870665174e-01 7.766725318236940900e+00
1.327436053909051838e-01 7.959259056811813338e+00
9.989999999279226550e-01 7.777335322572526799e+00
4.927016071735791369e-01 7.951524340138082181e+00
9.103811896860967146e-01 7.778859545071218129e+00
2.055715018330118438e-01 7.948618273618169638e+00
7.675951603619776131e-01 7.770209136747750378e+00
3.958264771517342462e-01 7.947920317579536764e+00
9.989999996736722565e-01 7.764959460817631332e+00
2.283882649044771951e-01 7.940397826634364442e+00
5.064613092020708862e-01 7.740400771191708884e+00
2.009854312324433068e-01 7.945656776252008058e+00
8.865829937862226284e-01 7.743894357552156826e+00
2.130483285828867757e-01 7.950886482181390491e+00
9.989999999999989999e-01 7.768270213127153490e+00
4.811544001922845037e-01 7.952917664043151369e+00
4.498634585709035405e-01 7.766792783908125664e+00
4.049328924109916183e-01 7.958508468465009145e+00
1.770080857507910221e-01 7.750103763291814829e+00
3.565279640385666804e-01 7.951467673357305088e+00
9.006843591853915809e-01 7.769096824640154608e+00
2.047958666396537675e-01 7.947221128144851043e+00
4.998533892154243818e-01 7.753184408460314536e+00
3.418436981078945558e-01 7.960557613574642311e+00
9.989999999999770175e-01 7.785224139075727301e+00
2.780590790602553986e-01 7.946067124392073744e+00
9.989999991755474928e-01 7.714975015429699212e+00
1.134224722847624461e-02 7.950039031807666134e+00
9.989999999999997771e-01 7.761482559063666464e+00
3.142093313350284300e-01 7.961991221831453025e+00
2.950432269101182503e-01 7.767995810027661818e+00
6.956325673169699852e-02 7.934096763156602172e+00
9.989999664851331174e-01 7.789703960266539440e+00
2.843565977729719529e-01 7.950935118545714886e+00
8.252550714154772704e-01 7.751058313591367543e+00
3.282664897560843009e-01 7.945917533662136378e+00
8.067947094492587956e-01 7.767515145755217176e+00
2.960137918273872959e-01 7.950132604453638230e+00
2.328006291439828901e-01 7.768458872461772913e+00
4.659417405305009419e-02 7.947228261320535836e+00
9.989999999999998881e-01 7.741303118113007642e+00
3.534518764609611008e-01 7.932738295022237374e+00
9.989999999901808536e-01 7.787833066241979907e+00
2.892425111611284239e-01 7.950718510208602652e+00
3.131585995598685224e-01 7.728088042127840396e+00
3.943248538991590557e-01 7.959344500299770253e+00
5.306193213148314713e-01 7.754530031136446233e+00
3.586776798947763911e-01 7.964007987213631345e+00
9.989999999999998881e-01 7.740720494553250397e+00
3.898509676632823662e-01 7.955237634842040606e+00
5.146637948818879593e-01 7.775410188758020702e+00
2.269408785865789646e-01 7.961769237555991197e+00
9.989999999996342916e-01 7.764675418460109668e+00
1.865159071618898434e-01 7.938805720813531863e+00
9.989999999999984448e-01 7.747893030635824019e+00
1.716273872217025931e-01 7.950853302645206178e+00
8.273603318190749789e-01 7.756226726952551331e+00
3.046945363034382348e-01 7.944461316106444571e+00
9.989999316386883876e-01 7.757931151469431796e+00
1.102842580255218724e-01 7.936156153354082754e+00
5.059073458469823814e-01 7.776638367208362546e+00
3.460064492796824931e-01 7.951801558979915363e+00
9.989999999999998881e-01 7.766752838494976885e+00
9.420234158328597007e-02 7.936600491368152710e+00
7.105070874971231021e-01 7.726415446924304931e+00
2.782051169858452133e-01 7.953630633206733691e+00
2.089179500910388343e-01 7.750165132478242569e+00
4.490855401195689156e-01 7.959105944627222762e+00
4.514306471620861960e-01 7.753330221688408130e+00
1.886117526265601863e-01 7.947089626902676507e+00
9.666047180996725219e-01 7.767903560474849201e+00
4.688794606652511576e-01 7.950999281449520950e+00
9.989999999999998881e-01 7.765785793860729314e+00
3.364452798505171427e-01 7.942344522958937780e+00
9.989999999999998881e-01 7.768763587501582357e+00
2.063994625905849201e-01 7.946401808714680826e+00
7.383454122348774851e-01 7.753661881317682969e+00
3.986743015624513720e-02 7.957465181245747310e+00
8.241018231272645433e-01 7.780363306080153585e+00
2.960471550470082369e-01 7.950886599327643189e+00
9.946656255198300656e-01 7.729274386414005882e+00
4.216223538423671813e-01 7.949447946797522313e+00
3.380153578434718087e-01 7.728794936576445451e+00
1.791106021589295161e-01 7.934278066141865260e+00
9.989999999999998881e-01 7.735529255648926572e+00
2.519863774313647053e-01 7.946605159600085955e+00
9.989999999999998881e-01 7.781545020127232704e+00
4.590063146053419696e-01 7.977535733944267626e+00
2.654300641538664407e-01 7.787242462386363862e+00
4.431758296051312995e-01 7.962022999009921165e+00
5.477940796160998826e-02 7.723449614168814037e+00
2.391519484010380947e-01 7.951528170769709192e+00
5.233559153373602557e-01 7.767388929923650487e+00
8.880894213029147388e-02 7.933767766242543651e+00
4.941110775463382621e-01 7.733395131835314018e+00
1.505664131812973205e-01 7.949170885936885256e+00
6.401760230358187753e-01 7.761979308785398324e+00
1.915136869654363860e-01 7.944727537556698138e+00
9.989999999999560343e-01 7.748502408768046301e+00
5.222580993543258776e-01 7.942879068070753945e+00
7.959123196846913384e-01 7.731478452419170644e+00
3.297729109588172780e-01 7.953458254360363355e+00
5.868146132634531886e-01 7.785469435723416431e+00
4.242733891957671810e-01 7.950339442248692379e+00
1.615285798188701716e-01 7.765148691534799141e+00
1.745772272480067555e-01 7.941977183615304803e+00
9.989999998946511583e-01 7.720761205198738431e+00
5.678411838034246317e-01 7.951457879862811495e+00
7.796669447911054596e-02 7.712984838447852098e+00
4.216960057006982066e-01 7.962132071204925943e+00
9.989999999609533443e-01 7.770776315704085668e+00
2.674520576908265834e-01 7.951871527816853913e+00
1.190564587411075403e-01 7.715262528904277772e+00
1.087410313752217722e-01 7.947481618640836132e+00
6.315838966194879944e-01 7.779390861828527903e+00
1.838151487733934719e-01 7.942449264999365433e+00
9.989999722882405564e-01 7.765873777270243750e+00
2.455087346696584460e-01 7.944650892897474392e+00
8.360325606714537061e-01 7.753836302903644118e+00
1.975536017595178051e-01 7.934688842870700753e+00
9.989999964702840352e-01 7.768403823725467561e+00
1.890295443767473216e-01 7.945642675214518391e+00
8.225968661916794877e-01 7.797981739553794256e+00
2.520753565888923520e-01 7.960509980886026682e+00
6.327483695081718151e-01 7.778106405725765171e+00
2.844432390505945429e-01 7.951855530062687194e+00
4.748387771375108812e-01 7.760351819344049495e+00
6.218759613266389152e-02 7.938078854818797936e+00
6.010191706263569023e-01 7.774661233114825265e+00
3.086241193561590213e-01 7.953305304842713142e+00
2.493230276258150968e-01 7.712186901553240936e+00
1.172969817199202708e-01 7.955806950917584608e+00
9.989999999996058699e-01 7.736518616986009178e+00
