6.365581391533863265e-01 7.946793979675443431e+00 9.989999998889074195e-01
9.989998369535383338e-01 7.762878529275902828e+00 9.989999999999974456e-01
7.413326165557605485e-01 7.961432009945133004e+00 9.989999999956568066e-01
2.276951668430831632e-01 7.759593758935400487e+00 1.000000000485486021e-03
4.970361307016959440e-01 7.944832716585312760e+00 9.989999998776639689e-01
9.989999999987081436e-01 7.767738921914272510e+00 1.000000022797189287e-03
8.166198699426652219e-01 7.969930046875764340e+00 9.989999999995188285e-01
9.989999999999685798e-01 7.729084170978890889e+00 8.552015854913127546e-01
7.658489428739144733e-01 7.953614595625058570e+00 9.989999999992368318e-01
2.358409221180784721e-01 7.747754232023393861e+00 1.000001195107679290e-03
4.654972376961066249e-01 7.950569356773121044e+00 9.989999998031335871e-01
6.562397989608566018e-01 7.756798311873174256e+00 9.989999999999960023e-01
7.399487399764403950e-01 7.948084573785966889e+00 9.989999999995572422e-01
9.989999999999997771e-01 7.760504408377980390e+00 7.251730510468209490e-01
6.648256549312925312e-01 7.946421159729236905e+00 9.989999999999535918e-01
9.989999999999998881e-01 7.765562358373260032e+00 1.000000000000034065e-03
4.258301903729869164e-01 7.939184602172364436e+00 9.989999999999988889e-01
8.360822082559851154e-01 7.740496090941200613e+00 9.989999999615801762e-01
7.031006134523433149e-01 7.943379152442932245e+00 9.989999999999350511e-01
7.165536117660343818e-01 7.748909770953535947e+00 9.989999999999968905e-01
8.913678496143435659e-01 7.968025003335065470e+00 9.989999999999847891e-01
9.989999999996386215e-01 7.764213270042232828e+00 1.000000000171327166e-03
6.123401135261337114e-01 7.944770490107702088e+00 9.989999999999998881e-01
9.989999999999998881e-01 7.769376279192210077e+00 9.989999999999998881e-01
5.932931442770668085e-01 7.944543160350355571e+00 9.989999999998222524e-01
8.842331271953692839e-01 7.753695439411434798e+00 9.989999999999987779e-01
8.311898461516266101e-01 7.961126008187616065e+00 9.989999999991199253e-01
7.092246285731668154e-01 7.730007901270353976e+00 9.989999995941062361e-01
2.976148015856373563e-01 7.957115471141249508e+00 9.989999999987605461e-01
9.989999999999998881e-01 7.713581724878728174e+00 1.000000000000000238e-03
1.325441475030341987e-01 7.942077337291631345e+00 9.989999999999735758e-01
7.797634227931179440e-01 7.757126313755820846e+00 9.989999999762871896e-01
7.653993471606796994e-01 7.961190378084370245e+00 9.989999999835692535e-01
9.989999999999998881e-01 7.771071582243441966e+00 1.000000000000640784e-03
5.522111428172279401e-01 7.948459908866832180e+00 9.989999999999968905e-01
9.989999999997658531e-01 7.717893361575640654e+00 1.000000000160851388e-03
4.848580916391786455e-01 7.942306867555497085e+00 9.989999999659353591e-01
5.079550861284285457e-01 7.733139074049039330e+00 9.989998941353942508e-01
2.917198637987459264e-01 7.943050852393907846e+00 9.989999999984253698e-01
9.989999999754862747e-01 7.783863586311151828e+00 8.666878946389657834e-01
5.405779586543975057e-01 7.949554273693530071e+00 9.989999999998109281e-01
4.182851331077582779e-01 7.761749494640232783e+00 6.161602563237229546e-01
5.291669758556308834e-01 7.939772073731191426e+00 9.989999999999952252e-01
9.989999999999401581e-01 7.754694656131841946e+00 1.000000002069030081e-03
2.790590057997868190e-01 7.940144009707956307e+00 9.989999999999998881e-01
9.989999999999994440e-01 7.729307316313516196e+00 6.727481439260063478e-01
6.210176819151465022e-01 7.952753722811147341e+00 9.989999998813064996e-01
6.287630757582247654e-01 7.721585172227327654e+00 1.000000000145903492e-03
5.256127198018566427e-01 7.972680774965799522e+00 9.989999999903856898e-01
9.989999999918789397e-01 7.771126678497201290e+00 1.000000019059719102e-03
2.803771710896711400e-01 7.946403208307447841e+00 9.989999999512679807e-01
9.989980062789828308e-01 7.769263289208922174e+00 9.989999999958666388e-01
8.234623125437323665e-01 7.948060233052685497e+00 9.989999999890516458e-01
9.989999999999998881e-01 7.764100926763896737e+00 1.000000000000422860e-03
5.723730384609198030e-01 7.952753801546660561e+00 9.989999997380332175e-01
1.000000574615342525e-03 7.728321181530152906e+00 4.831881290400821816e-01
2.986821596887225261e-01 7.945838454193396849e+00 9.989999999983946166e-01
3.875487126638881841e-01 7.721054851745992487e+00 9.989999999885651460e-01
6.733864853721578392e-01 7.939944934569113322e+00 9.989999999993967039e-01
6.037198400285354039e-01 7.755444436525634089e+00 1.000000248877793829e-03
6.227869827733925057e-01 7.954125216637372375e+00 9.989999998524903280e-01
9.989999999999998881e-01 7.756771221897535540e+00 1.000000000000001322e-03
7.132903199918828596e-01 7.947617516834498019e+00 9.989999999501012473e-01
9.121112849643806531e-01 7.769847727606626009e+00 9.989999999999846780e-01
4.528936538959962288e-01 7.957915896094855057e+00 9.989999998944119053e-01
5.148258291952493293e-01 7.750087407972232612e+00 9.989999999545531306e-01
7.896908868342814580e-01 7.952771718147713109e+00 9.989999999996242996e-01
1.258204932097452267e-01 7.748713366269694980e+00 3.091312380568618234e-01
6.934213997862430645e-01 7.940924790090504004e+00 9.989999999966081567e-01
2.398010356318867331e-01 7.750270303793090676e+00 1.000000000000001105e-03
8.418640374326367137e-01 7.952527798731287234e+00 9.989999999981410417e-01
9.989999998764877986e-01 7.792859705618899291e+00 4.652274534564996289e-01
5.467786037477428973e-01 7.965415227073327387e+00 9.989999999999940039e-01
4.969108817171739023e-01 7.725019330902755499e+00 9.989999993601665906e-01
9.989999999999998881e-01 7.966884474281848760e+00 9.731470350102435773e-01
9.989999999992427160e-01 7.750913852270127080e+00 5.068507568329611024e-02
8.262732583427750965e-01 7.948954510480034763e+00 9.989999999978145251e-01
9.989999999585841284e-01 7.755913037459287729e+00 9.631377269776838015e-03
5.423984410486483165e-01 7.952110199031991122e+00 9.989999999999736868e-01
8.254701297115878411e-01 7.728567967175208331e+00 9.989999999999722435e-01
5.987924676719517114e-01 7.946973875848146740e+00 9.989999999963682376e-01
9.989999999943108833e-01 7.772943905355421457e+00 9.989999999999998881e-01
9.429178639501820669e-01 7.961977187359889463e+00 9.989999997786839225e-01
9.989999999999998881e-01 7.774926061156873125e+00 1.000000000000033631e-03
3.116008395394035957e-01 7.937233597931587781e+00 9.989999999962815291e-01
7.665102373565985117e-01 7.765608273906090098e+00 9.989999999998221414e-01
7.197944232133898224e-01 7.969093818575306187e+00 9.989999999985250678e-01
9.989999999999998881e-01 7.766246388267703971e+00 1.000000000167166432e-03
4.294798271490553043e-01 7.943985533512850417e+00 9.989999999998331326e-01
9.989999999999997771e-01 7.738533740968362551e+00 1.000000000000147906e-03
8.098640918470446648e-01 7.950458557434029849e+00 9.989999999644608719e-01
9.989999999986086676e-01 7.779837890693089619e+00 9.631627928419638218e-01
8.558842217609814451e-01 7.941139718378112278e+00 9.989999999994511048e-01
9.989999999999998881e-01 7.730912624701084646e+00 9.989999999975042178e-01
5.874681530304752819e-01 7.961551601383166421e+00 9.989999999589866952e-01
5.891619013368827318e-01 7.766176884662420399e+00 1.000000000118607402e-03
3.966753241198843760e-01 7.941178092122594734e+00 9.989999999999933378e-01
9.989999999999908953e-01 7.769117737541142432e+00 2.811645829624346282e-01
7.458694646275162432e-01 7.962689800733660839e+00 9.989999999976947320e-01
2.191017342143265212e-01 7.752966421205723435e+00 1.000000014696030655e-03
5.540675395098850764e-01 7.941013477584172975e+00 9.989999999999998881e-01
9.989999999999920055e-01 7.766174786771451011e+00 9.931110238526639211e-01
3.687602292966196682e-01 7.949549759228050405e+00 9.989999995443229475e-01
9.989999999999561453e-01 7.771798380920457383e+00 1.000000000733213858e-03
9.989999999999478186e-01 7.961717204616761911e+00 9.989999999999998881e-01
7.790518674125725962e-01 7.764223764117549997e+00 9.989999999950543996e-01
7.897981435513764525e-01 7.949610499816476938e+00 9.989999999995339275e-01
5.402874642403951988e-01 7.759013644190877912e+00 9.989999999999933378e-01
2.396103078023853750e-01 7.950941028845611491e+00 9.989999999999997771e-01
4.366273790598899085e-01 7.751367775700206408e+00 9.989999999999557012e-01
6.174485142641121804e-01 7.947704279369178337e+00 9.989999999307499490e-01
9.989999999999998881e-01 7.753211940453338613e+00 1.000000000000011730e-03
6.715851518454032387e-01 7.942225394461456034e+00 9.989999999994934043e-01
1.153248861898489991e-01 7.752757011185567038e+00 1.000002966696087814e-03
9.989999999999966684e-01 7.961164135094181304e+00 9.989999999999998881e-01
9.989999999999997771e-01 7.747758986210279808e+00 9.989999999999998881e-01
9.989993410190927126e-01 7.955852094568610866e+00 9.989999982822732605e-01
7.165111342120311644e-01 7.756196510465953153e+00 9.989999999999797931e-01
5.160500552355723469e-01 7.948624222548020590e+00 9.989999999999995550e-01
9.989999962669079414e-01 7.755147234393448663e+00 9.989999999981868939e-01
7.010483551591703000e-01 7.960656811198141725e+00 9.989999999999356062e-01
9.989999999907441808e-01 7.750168510523470999e+00 4.680271703747361789e-01
7.486969181128866335e-01 7.960743730535832619e+00 9.989999999938413699e-01
9.989999999999963354e-01 7.750287386180754190e+00 1.000000000043288744e-03
1.503689348484007204e-01 7.934886374036960177e+00 9.989999999896156391e-01
9.292539924837508458e-01 7.760423734468631984e+00 9.989999999409664433e-01
7.071706930504890742e-01 7.964509317601090821e+00 9.989999999999398250e-01
9.989999619930793884e-01 7.773874385559257583e+00 1.000134966914911598e-03
7.183859773109033675e-01 7.944106761019551932e+00 9.989999998411571713e-01
5.039185592786122880e-01 7.774799938781232100e+00 9.989999999999995550e-01
5.881773685341454838e-01 7.935689910564525995e+00 9.989999984627421226e-01
9.989999999999998881e-01 7.743589303001985336e+00 1.000000000001517470e-03
5.041496864138997891e-01 7.962952882011267164e+00 9.989999999999998881e-01
8.407986606136804708e-01 7.755409481582327125e+00 1.000000005318108388e-03
4.627403111049934736e-01 7.940332746486772564e+00 9.989999999193373004e-01
9.989999999999996660e-01 7.753369232331188243e+00 6.358116539914399068e-01
4.250692330087666448e-01 7.949622535466724926e+00 9.989999999994039204e-01
6.767924510298825025e-01 7.753768905135490108e+00 9.989999999999996660e-01
7.011394252083005263e-01 7.948819259236421075e+00 9.989999999984532364e-01
9.989999999927907659e-01 7.799861872645720950e+00 4.345502467343499986e-01
9.989999483725992002e-01 7.955280832534038282e+00 9.989999999999974456e-01
6.589014094076643957e-01 7.765389438451538950e+00 1.000003569750582393e-03
7.913560415473033238e-01 7.961800483310352838e+00 9.989999999604223246e-01
1.000000592259558691e-03 7.734126293841624644e+00 3.231927619660353024e-01
7.058769539297727880e-01 7.953183163358636065e+00 9.989999999999652491e-01
9.989999999999938929e-01 7.774883597146875047e+00 1.615617094968976597e-01
4.450829859972291747e-01 7.938787013744540211e+00 9.989999999999970015e-01
8.480991775778002895e-01 7.764759583612860894e+00 9.989999999998290248e-01
5.945369166209927281e-01 7.947959187302179984e+00 9.989999999997165592e-01
9.989999999230401162e-01 7.750862047386052112e+00 4.238990989913299923e-01
7.248614703512984425e-01 7.953995975659161388e+00 9.989999999999981117e-01
5.827392098756019045e-01 7.769032528358340350e+00 9.989999999912380080e-01
8.396847404396192704e-01 7.954913086872696937e+00 9.989999999901572059e-01
7.654674634922907783e-01 7.788304048093497300e+00 1.708794089142503803e-01
3.849024963111776221e-01 7.942931569722339269e+00 9.989999999999998881e-01
3.095302246791212936e-02 7.741893242205952319e+00 1.179771456197935553e-01
6.085485824764242935e-01 7.948694115681557371e+00 9.989999999999998881e-01
9.989999999999998881e-01 7.754475962011856183e+00 1.000000000000000238e-03
5.549992398739197474e-01 7.962141516528586926e+00 9.989999999999995550e-01
1.000012232389951242e-03 7.771811457168718462e+00 5.953479717133009635e-02
7.042796980862342515e-01 7.927674274457194414e+00 9.989999999998260272e-01
9.805207749521447358e-01 7.754256550473493270e+00 1.000000002637752017e-03
9.336627019408997308e-01 7.943559228039225317e+00 9.989999998282121929e-01
9.989999999818701681e-01 7.739201199155866462e+00 8.209667978629938689e-01
4.928990832091803553e-01 7.959139853633929285e+00 9.989999999701028033e-01
4.879529578633201581e-01 7.767221062333091730e+00 2.357424132444170817e-01
7.712598237697064762e-01 7.945282299573961815e+00 9.989999999888994342e-01
1.000000000000001322e-03 7.764495229221973993e+00 1.000000000031341487e-03
4.039445306026497873e-01 7.939838289993851106e+00 9.989999999999998881e-01
9.989999999841312484e-01 7.747672652113264391e+00 4.783726131978069951e-01
9.989999999941373554e-01 7.956334687979860654e+00 9.989999999999998881e-01
9.989999999993656177e-01 7.726473591970208332e+00 7.051373583000571932e-01
6.686851840082300713e-01 7.948537402336526725e+00 9.989999999997073443e-01
1.951921136392805733e-01 7.764428140177169979e+00 1.000000274016325059e-03
5.328781195509058044e-01 7.943014874828793204e+00 9.989999999999777947e-01
6.024289829701222621e-01 7.749510414534984903e+00 3.717324239872635966e-02
5.264276255683042471e-01 7.945620169533521349e+00 9.989999999999457092e-01
1.001292344292186972e-03 7.751043003713058432e+00 1.000000000002461810e-03
5.185615620858220476e-01 7.948440608385454631e+00 9.989999999999392699e-01
9.989999994708350650e-01 7.762214797817721390e+00 8.058446052608975174e-01
8.832657595614248347e-01 7.949278228977991745e+00 9.989999999999550351e-01
8.227169593896636046e-01 7.761723366652574896e+00 1.000660637309720843e-03
8.473648329105175625e-01 7.946663758287363599e+00 9.989999999999998881e-01
9.989999999027284749e-01 7.769973809868493397e+00 1.000000454269521109e-03
7.255255394097359645e-01 7.937899100685931408e+00 9.989999998436968065e-01
8.775658130248988886e-01 7.761196686283923007e+00 9.989960270945342780e-01
7.415102720926383117e-01 7.950411367978291288e+00 9.989999999978079748e-01
9.989999999675313047e-01 7.752606781257956214e+00 3.461667054437686519e-01
8.453957657774331391e-01 7.950381527117721170e+00 9.989999999940821773e-01
3.096958467843507479e-01 7.757558088022761922e+00 9.989999998160732364e-01
9.603865426872036926e-01 7.961612209557650921e+00 9.989999999997583036e-01
1.000000000000033197e-03 7.733829244349980314e+00 1.000000047678072665e-03
5.515096170106339457e-01 7.956678650218385052e+00 9.989999999999955582e-01
9.989999998932135306e-01 7.764806196648028624e+00 1.923652032966288727e-01
4.488162675271796798e-01 7.950807597815905403e+00 9.989999999999995550e-01
8.701756559436304439e-01 7.753575419295922977e+00 9.989999999995443636e-01
5.912823254409828033e-01 7.949000331916297846e+00 9.989999999998995239e-01
2.599283722624263770e-01 7.757705972645658754e+00 1.000001584266536556e-03
7.035552464131339390e-01 7.940469113694409664e+00 9.989999999996311830e-01
3.604961301696756326e-01 7.756271610503504554e+00 9.989999999999601421e-01
9.836298643888761184e-01 7.968218832246240169e+00 9.989999999873069303e-01
8.174045158865338445e-01 7.774375517372742017e+00 9.989999999998642188e-01
4.746144724055974540e-01 7.940619097325329001e+00 9.989999999465650760e-01
9.989999999995913260e-01 7.742209246791583510e+00 7.611393741807858104e-01
5.461844312755421704e-01 7.952614723852339473e+00 9.989999999999951141e-01
9.989999994583581566e-01 7.744747682451681214e+00 1.000000000001126507e-03
2.499160637600179313e-01 7.945887375614004711e+00 9.989999999992555946e-01
6.387352400195822621e-01 7.742475906459591606e+00 9.989999999999998881e-01
4.129879737855056687e-01 7.950445514170761285e+00 9.989999999999928937e-01
7.893663911003554468e-01 7.748699685083021649e+00 9.989999999987361212e-01
8.306802705831133338e-01 7.959001708379075168e+00 9.989999999994558788e-01
1.319109055269346298e-01 7.776616259881865112e+00 1.000000000519756568e-03
4.634205779552157956e-01 7.945637152791654501e+00 9.989999999686027810e-01
9.303316708410597213e-01 7.755369132677752297e+00 9.989999999998521174e-01
9.989993851009723036e-01 7.954907468992945319e+00 9.989999999999998881e-01
9.530494330023573379e-01 7.747098431922268880e+00 9.989999999914062068e-01
8.176451982534531648e-01 7.953757002641488327e+00 9.989999999999997771e-01
8.971151609967913110e-02 7.761254293591377085e+00 1.000000008233645557e-03
9.530267614278727928e-01 7.950671627259771057e+00 9.989999999999110702e-01
9.989999999999892299e-01 7.765238492204770360e+00 1.000000000443500509e-03
4.837271685431168700e-01 7.936848962094041227e+00 9.989999999410569265e-01
9.989999999982694945e-01 7.785959655428786874e+00 1.000000357585775681e-03
6.771132047849798274e-01 7.953283975920260929e+00 9.989999999999676916e-01
9.989999999999998881e-01 7.767285175408501274e+00 1.000000000000000454e-03
9.958271000754226332e-01 7.954898416345411505e+00 9.989999999999128466e-01
2.963567398979260470e-01 7.708221156644627925e+00 9.989999965867267795e-01
9.147665086394320966e-01 7.957211450312876799e+00 9.989999999999963354e-01
9.989999999999995550e-01 7.792458158285978875e+00 4.266062600109987724e-01
7.311824276773222220e-01 7.946644352914074894e+00 9.989999999998844249e-01
6.817895293841874649e-01 7.751060810375860477e+00 9.989999999183336588e-01
7.375182102703107256e-01 7.965126164284541233e+00 9.989999999980034850e-01
9.989999999999925606e-01 7.746137820940778518e+00 1.000000000024304798e-03
8.688838116807766632e-01 7.951891683302152458e+00 9.989999999984433554e-01
1.000000006079601036e-03 7.753760968481683946e+00 1.000001170803275097e-03
3.944992544247267752e-01 7.954750033432619105e+00 9.989999999967936750e-01
9.989999930858900479e-01 7.788083975647758450e+00 1.000076432510552029e-03
5.421450366167140933e-01 7.954001082485701701e+00 9.989999999999940039e-01
5.315548794131722543e-01 7.754500684185725135e+00 9.989999999999998881e-01
7.728067192022229914e-01 7.940182849741358240e+00 9.989999999865927238e-01
8.094627057708368989e-01 7.742326762394672990e+00 9.989999999992452695e-01
4.880989742554662780e-01 7.962273327134160361e+00 9.989999998611801546e-01
9.989999999965244459e-01 7.771307449843115833e+00 1.000000000034310032e-03
7.045335465623803195e-01 7.962322727953664803e+00 9.989999999935478270e-01
9.989999999969315647e-01 7.760301466491319466e+00 9.925875840010028872e-02
7.220080122161838254e-01 7.964093483382323591e+00 9.989999999999413793e-01
3.266981419270226783e-01 7.735156132312765109e+00 9.989999999999893410e-01
4.423992627870612648e-01 7.941874601565070080e+00 9.989999996620581024e-01
9.989999999995188285e-01 7.736539691585142542e+00 1.000000000534771684e-03
9.183751803693517290e-01 7.958530638616561070e+00 9.989999999096232930e-01
9.989999999999995550e-01 7.754409752126046662e+00 1.000000000000086106e-03
7.720711085213087799e-01 7.951776108315764091e+00 9.989999999997232205e-01
9.989999999999998881e-01 7.751522245193198657e+00 1.000000000000134245e-03
8.497857047970601707e-01 7.944840076679321683e+00 9.989999988789792784e-01
3.106347026844100134e-01 7.741528160422201488e+00 1.000000057362099033e-03
9.002636280365777788e-01 7.958803161316834185e+00 9.989999999999633618e-01
9.989999999999998881e-01 7.776524748093162742e+00 1.000000000000110826e-03
2.244770145652299487e-01 7.944730158713414703e+00 9.989999999985127443e-01
9.992155288511286870e-02 7.748164236956979423e+00 7.143735762186841365e-01
8.159975069430266403e-01 7.941582553628697916e+00 9.989999999999105151e-01
9.756082611021446027e-01 7.725834722098668728e+00 1.000000001173354186e-03
8.469222380376338899e-01 7.951664687494718997e+00 9.989999999956971077e-01
5.220616494764180882e-01 7.749943395990778860e+00 9.989999999998463442e-01
5.632618786723075921e-01 7.959190051669251531e+00 9.989999999999998881e-01
6.869587583526964858e-01 7.760209097750875529e+00 1.000000000299147880e-03
2.228505769512147405e-01 7.948031467707437514e+00 9.989999999953942389e-01
9.989999999999997771e-01 7.733271204795266307e+00 1.000000000001945947e-03
9.989999999989322976e-01 7.960197508532836252e+00 9.989999999999998881e-01
6.944856424329375333e-01 7.749439779914266246e+00 9.989999999432253031e-01
2.606782397145279151e-01 7.933957038485324631e+00 9.989999999978249612e-01
8.547824669380789109e-01 7.778552935083833830e+00 1.000000000048523055e-03
7.216866046224942322e-01 7.942904131482270813e+00 9.989999999237951789e-01
9.989999992982436794e-01 7.794928991641037364e+00 3.537976897592379766e-01
6.002801996374858007e-01 7.943745821117940586e+00 9.989999999942615894e-01
8.939658868443315365e-01 7.785196293608337648e+00 6.667193550767606114e-01
9.789781163298904021e-01 7.945261995630195528e+00 9.989999999996846958e-01
9.989999999999998881e-01 7.740458407172035926e+00 1.000000000000001105e-03
7.652578812101029637e-01 7.941240149265126114e+00 9.989999999999998881e-01
9.989999999995703428e-01 7.768875811234169149e+00 5.523692118745396895e-01
6.460253601339426277e-01 7.949599482137700512e+00 9.989999996587767273e-01
9.989999921843559783e-01 7.746221683733195640e+00 1.000000071756795839e-03
8.853613090630549909e-01 7.948896455885209988e+00 9.989999999999996660e-01
9.989999847443609138e-01 7.762507355623983862e+00 1.000057057284260177e-03
5.817199398794772325e-01 7.937023566250640094e+00 9.989999999421554921e-01
9.989999992268020490e-01 7.792066711420353897e+00 1.000005882124851888e-03
8.711714747785903601e-01 7.952150555695250311e+00 9.989999999999998881e-01
9.989999999999997771e-01 7.752024419783950293e+00 1.000000000021239108e-03
6.454672695326657550e-01 7.956460815866514658e+00 9.989999999999998881e-01
5.399986007072326011e-01 7.756305868030711537e+00 9.989999999794009211e-01
3.822540674196647781e-01 7.952658473234461844e+00 9.989999999999998881e-01
9.989999999731322688e-01 7.774623427276609711e+00 9.989999999999996660e-01
6.405529071854447754e-01 7.952828688734594031e+00 9.989999999113055029e-01
3.444439846407720829e-01 7.739466222583779142e+00 1.000027972941827268e-03
1.421642379733023820e-01 7.941175630835755506e+00 9.989999999900368577e-01
9.989999999999998881e-01 7.750972360272360362e+00 1.000000000000051412e-03
5.787953204605715829e-01 7.948758891324743558e+00 9.989999999924339402e-01
8.599144699895738819e-01 7.777069078569629923e+00 9.989996427061565987e-01
7.054102045644723429e-01 7.965172863556578164e+00 9.989999999997407620e-01
2.127679650554243629e-01 7.717418276028950253e+00 9.989999999744866299e-01
5.388244301530785707e-01 7.941414865734531148e+00 9.989999999999951141e-01
6.529512688982129776e-01 7.747525797723133323e+00 9.989999999974521483e-01
7.490419322027037641e-01 7.932963611232091594e+00 9.989999999997133395e-01
5.905771308912829420e-01 7.750345843321889916e+00 1.000000000004351141e-03
5.723565768761258443e-01 7.949582607415836222e+00 9.989999999999998881e-01
9.989999999999876756e-01 7.766409696757789582e+00 5.387843530767207068e-02
6.806785364009578787e-01 7.947009897796199596e+00 9.989999999999998881e-01
9.989999999997273283e-01 7.755641015290143159e+00 4.999319901852291026e-01
5.913604318283357530e-01 7.955860399520262582e+00 9.989999999999367164e-01
2.515036030652268439e-01 7.748530697327781880e+00 1.000000001593085277e-03
1.486950504349845992e-01 7.933509560338184663e+00 9.989999999999998881e-01
5.485584788397674938e-01 7.769817909606700823e+00 4.675931746535586520e-01
4.599361017784194261e-01 7.956120252397880677e+00 9.989999999999176206e-01
9.436910621810256083e-01 7.764390231288447630e+00 9.989999999982621670e-01
2.919492844264682252e-01 7.933538316148156078e+00 9.989999999999998881e-01
9.989999999999998881e-01 7.765997061302471138e+00 1.000000000000002406e-03
5.988756050590250402e-01 7.948540781455585069e+00 9.989999999997808411e-01
9.989999997099071605e-01 7.788766686744259538e+00 1.000000043788704888e-03
9.010825772195473204e-01 7.951482357684824365e+00 9.989999999999915614e-01
9.989999992831619657e-01 7.746805314601244774e+00 7.380822821005642576e-01
5.673536946938659842e-01 7.964980470989851291e+00 9.989999999999998881e-01
9.989999999600248648e-01 7.755595709383397818e+00 3.918984330305101960e-01
6.436170057194102734e-01 7.959815491346140526e+00 9.989999999999983338e-01
4.939283254983395932e-01 7.745521924212901865e+00 9.989999999999932268e-01
3.814347569595821219e-01 7.941301412569449880e+00 9.989999996005914928e-01
9.989999999999903402e-01 7.745346805955734659e+00 2.644557842126959435e-01
6.986326442427819305e-01 7.938604723405418007e+00 9.989999999966777677e-01
7.675263797981212166e-01 7.764860477389165183e+00 2.383050408315148250e-01
8.156742470629362307e-01 7.957970756881542762e+00 9.989999999782965823e-01
4.714774843310993169e-01 7.760845643680004180e+00 9.989999999615831738e-01
5.406939675177381277e-01 7.949770649088343966e+00 9.989999999999790159e-01
3.243433743344417697e-01 7.783853733852200918e+00 1.000000001811264267e-03
5.086836421052047807e-01 7.954588540454759382e+00 9.989999999999914504e-01
2.859097937480812313e-01 7.760398680383373105e+00 1.000000004106591824e-03
3.274604646360452787e-01 7.950607813797185841e+00 9.989999999983724122e-01
9.989999999991466817e-01 7.760757997925743723e+00 9.741244168453582208e-01
6.865115127061868217e-01 7.945330602109335949e+00 9.989999999957007715e-01
9.989999999999998881e-01 7.752867079393031879e+00 1.000000000000020187e-03
1.555957210329671492e-01 7.947664000123522143e+00 9.989999999629172178e-01
9.989999999988293800e-01 7.760055160154326614e+00 1.000000000649346917e-03
3.701790399439162660e-01 7.948883041051507448e+00 9.989999999999474856e-01
9.989999999999998881e-01 7.770518726250009500e+00 1.000000000000000454e-03
4.878025744425504850e-01 7.947380262168695531e+00 9.989999999860282864e-01
9.989999997842142765e-01 7.772087493335316566e+00 1.000001691289603830e-03
8.411083592361937589e-01 7.944288612670873384e+00 9.989999999999998881e-01
4.580365030079445732e-01 7.747083355615213662e+00 1.000000000000000671e-03
7.313512160196080636e-01 7.960930360911948611e+00 9.989999999999614744e-01
9.989999999999998881e-01 7.764384075374755945e+00 7.168669139075463104e-01
3.264942758290270697e-01 7.941764796580116581e+00 9.989999999993954827e-01
9.809689417547357015e-02 7.748622801386567005e+00 9.989999998875400689e-01
8.969726864580195302e-01 7.959723847545744135e+00 9.989999999999791269e-01
9.989999999832702704e-01 7.751983527891060710e+00 1.000000010982773956e-03
7.705989494117940763e-01 7.962906339998764516e+00 9.989999999999998881e-01
5.621427363463737427e-03 7.756042088912336929e+00 1.000000006774358872e-03
9.113726028548400082e-01 7.961062136183376658e+00 9.989999999546954612e-01
9.989805396355226907e-01 7.760179970469958555e+00 1.000000006824737194e-03
8.230379853229073950e-01 7.956617049267808106e+00 9.989999999959939814e-01
8.176496148130231179e-01 7.779328085185319708e+00 1.000000006796344975e-03
6.872244279935160183e-01 7.932387385404941149e+00 9.989999999999974456e-01
7.259322190079752213e-01 7.762302408806512233e+00 9.989999999988374846e-01
9.770249698527647686e-01 7.969880071021105294e+00 9.989999999994210178e-01
9.989999999999998881e-01 7.762859550014289844e+00 1.000000000000000238e-03
6.989232967332494884e-01 7.932404623969769197e+00 9.989999999853913515e-01
4.777154345231013344e-01 7.717444985257541745e+00 9.989999999800021069e-01
8.916870868308944820e-01 7.962946579775064926e+00 9.989999999729167746e-01
9.989999999999989999e-01 7.764720754826248239e+00 7.196625323420089426e-01
6.094987112590708467e-01 7.955310561557040749e+00 9.989999999836056688e-01
9.989999999999998881e-01 7.761772033259500603e+00 1.000000000136956439e-03
6.878643823659050804e-01 7.956554082314242216e+00 9.989999999995640145e-01
1.460434787474852291e-03 7.744571010637832487e+00 1.000000067649404545e-03
6.011928253117868604e-01 7.963345858764999008e+00 9.989999999965746280e-01
9.989999999998553371e-01 7.765472288738775930e+00 1.000000000169298407e-03
5.900999888818991845e-01 7.952837070655092155e+00 9.989999999998199209e-01
9.989999988725856150e-01 7.745187215593218433e+00 1.000001432710526193e-03
6.467034563807269043e-01 7.946321041374529770e+00 9.989999999999984448e-01
7.981162424085335161e-01 7.760665495786757795e+00 9.989999999634737726e-01
2.935503687791068961e-01 7.939496081464768373e+00 9.989999999968278699e-01
9.989999963400272298e-01 7.753074158336781707e+00 9.989999999998987468e-01
6.712733611358514541e-01 7.954585278065041010e+00 9.989999999972232203e-01
9.989999999999845670e-01 7.763693997466686980e+00 1.000000000000154845e-03
7.264813029249282961e-01 7.945005803399608268e+00 9.989999999999764624e-01
9.989999999999997771e-01 7.755498792465155056e+00 1.000000017836426584e-03
9.989999999832429589e-01 7.961641260784400487e+00 9.989999999999998881e-01
9.989999999939916941e-01 7.782370300589630752e+00 2.625698333386390915e-01
6.136299565973806214e-01 7.957900241758828486e+00 9.989999999934022767e-01
1.323563832412649466e-01 7.758072199532864310e+00 1.000001316912308823e-03
5.311128971347700567e-01 7.940655245338939849e+00 9.989999999999797931e-01
5.478090415275174013e-02 7.741222433702434458e+00 1.000000034490688755e-03
2.822179066408645465e-01 7.944835173149948915e+00 9.989999999993445234e-01
8.207115665667642501e-01 7.750648935253805050e+00 9.989999999856734592e-01
9.971013066299215799e-01 7.955334082444378119e+00 9.989999999999904512e-01
4.690013651969106023e-01 7.738871329644936736e+00 6.433832754277298838e-01
5.689024877635736610e-01 7.945746860208132034e+00 9.989999999955651022e-01
2.411023066822814420e-01 7.735318401335304017e+00 9.989999998477812060e-01
5.098877452413290712e-01 7.943427814036763124e+00 9.989999999995075042e-01
9.989999999999998881e-01 7.750904124496716285e+00 5.369036462212747329e-01
5.430845760611093809e-01 7.940218402465124115e+00 9.989999999999845670e-01
9.054128997739856466e-01 7.766418433137102895e+00 9.989999998365837186e-01
5.083313332190430023e-01 7.958016914459661528e+00 9.989999999826811861e-01
7.451377032253595489e-01 7.771839763770864273e+00 1.000000305829233920e-03
6.045234696286241327e-01 7.950765202733346193e+00 9.989999999993200985e-01
1.982923917330036145e-01 7.737141425728120581e+00 9.989999999606807846e-01
5.117767831858922589e-01 7.947196956824193137e+00 9.989999999915357698e-01
9.989994862859443714e-01 7.745087843998053501e+00 1.000000000005386554e-03
7.252895837998307726e-01 7.957876396913351691e+00 9.989999998468764852e-01
5.938226530866789199e-01 7.743097707035404120e+00 9.989999999999188418e-01
4.493114099115077531e-01 7.955258098347719020e+00 9.989999999999998881e-01
1.000000000000001756e-03 7.743989717386655869e+00 1.000000000007294099e-03
4.640822593367707749e-01 7.951141482357360069e+00 9.989999996284347761e-01
1.000000000000254591e-03 7.735007435863904490e+00 1.000000016280160617e-03
9.989999999997444258e-01 7.966063081463509832e+00 9.590786760132963273e-01
9.989772211258287626e-01 7.773092056354835577e+00 9.989999999998931957e-01
3.849651609396896879e-01 7.939911578148962867e+00 9.989999999999995550e-01
9.989999999999847891e-01 7.719337079636155785e+00 1.000000000000378624e-03
4.970505219374318218e-01 7.945496300531572409e+00 9.989999999803934605e-01
1.226836241465332489e-01 7.732902494109254121e+00 7.388590296716718298e-01
5.258721540601624111e-01 7.952488563237289476e+00 9.989999999788770069e-01
6.899716034723502034e-01 7.761036467450885823e+00 1.000000000010448260e-03
9.989999999999998881e-01 7.970421637893243094e+00 9.989999995270264499e-01
7.602864386672744113e-01 7.755813749360897624e+00 9.989999999999698010e-01
5.313003807263730893e-01 7.954049356265661785e+00 9.989999999595815527e-01
9.630788730550490229e-01 7.772909598105537832e+00 9.989999999987710932e-01
3.180582493208541361e-01 7.933501264284795518e+00 9.989999999997348779e-01
3.227108005172469318e-01 7.745409727955623325e+00 1.000000132929920564e-03
4.904820244818067221e-01 7.938372300586387098e+00 9.989999999980732071e-01
3.220865608082865150e-01 7.739637262200447232e+00 1.000000024323456464e-03
2.252557981028605882e-01 7.942202893524174634e+00 9.989999999967088540e-01
9.989999999999998881e-01 7.763833987436654205e+00 1.000000000000001539e-03
3.594058609567049589e-01 7.944642784873454211e+00 9.989999999999998881e-01
9.989999999994602087e-01 7.772059323479520110e+00 1.000000000006783657e-03
4.216166198628431006e-01 7.942230942927486659e+00 9.989999999999996660e-01
9.989999999999410463e-01 7.777735118189987418e+00 1.000000005997443665e-03
6.426239849120402026e-01 7.953983548231414957e+00 9.989999999999993330e-01
9.989999999870911029e-01 7.775420730904374800e+00 7.725218160275619528e-02
9.989999999999670255e-01 7.948021268264654715e+00 9.989999999999998881e-01
7.078769733144785192e-01 7.741058341770737705e+00 9.989999999996710400e-01
4.170500999691487687e-01 7.951966680111651087e+00 9.989999999870903258e-01
9.989999999997771774e-01 7.780157704633552385e+00 8.267313090984049762e-01
7.977255535517326912e-01 7.965795192767241240e+00 9.989999999999514824e-01
6.714659735446327771e-01 7.743389436319902508e+00 1.000000001581469785e-03
8.067111180853759889e-01 7.948839189878198930e+00 9.989999999768766070e-01
4.515622732966445008e-01 7.746038604145641493e+00 9.989999999999317204e-01
9.989997658807628911e-01 7.945090760971016408e+00 9.989999999999995550e-01
9.989999999075168668e-01 7.724543680553457747e+00 1.000000000042587265e-03
5.193098197831750307e-01 7.950846691760130369e+00 9.989999999999549241e-01
9.989999999999998881e-01 7.742638537062227044e+00 1.000000000000017802e-03
6.396054458972215695e-01 7.947317325719025050e+00 9.989999999999998881e-01
9.989999999998714353e-01 7.742212102056399203e+00 1.000000022526650705e-03
3.899965584688130371e-01 7.955057161491091655e+00 9.989999999987774215e-01
4.302603760181569204e-01 7.758622994719472032e+00 1.000017295508572003e-03
6.478705632242650614e-01 7.937369889295211145e+00 9.989999999999986668e-01
9.989999999999998881e-01 7.748055982935352581e+00 9.989999999994795266e-01
3.711235447435330403e-01 7.930368631063666740e+00 9.989999999999992220e-01
2.795716120615672207e-01 7.741794623401197839e+00 9.989999999900378569e-01
3.420623167427220279e-01 7.947841197497404586e+00 9.989999999901826300e-01
1.537972361685112921e-01 7.742420433043904815e+00 9.989999941246341386e-01
4.130331300844561349e-01 7.935999490269543877e+00 9.989999999996850288e-01
7.729993186906469749e-01 7.722297810204962865e+00 1.000000150724388720e-03
5.436978343755118903e-01 7.950395977941269621e+00 9.989999999999975566e-01
9.989999909934016431e-01 7.783877784477123640e+00 9.772589139499596733e-01
5.466886951560525620e-01 7.959263010284073125e+00 9.989999999999953362e-01
9.989999999999586988e-01 7.713742447930039603e+00 3.482828981163280102e-01
6.543814339223926746e-01 7.958445895573452056e+00 9.989999999999998881e-01
5.924566633531823667e-01 7.768059694220603717e+00 1.000202015952911033e-03
5.262655021932808319e-01 7.961705305137760647e+00 9.989999999999600311e-01
1.837308630046231017e-01 7.739537695162957753e+00 9.989999872156951621e-01
6.744039636978281793e-01 7.940854928972845173e+00 9.989999999997800639e-01
8.350077933714060707e-01 7.767407689287916028e+00 9.989999999999989999e-01
9.989999999983493195e-01 7.959829175659733913e+00 9.989999999999998881e-01
8.460161813767133054e-01 7.798104427289082707e+00 9.989999995970956226e-01
6.680976725339864419e-01 7.952503762035260770e+00 9.989999999988853352e-01
9.989999999999683578e-01 7.736100332495800203e+00 1.000000000004079440e-03
9.428868123374001264e-01 7.947826241201539688e+00 9.989999998340777232e-01
3.100517406894394701e-01 7.728142061498848747e+00 9.989999999999817915e-01
4.753960592149151232e-01 7.946860094931575524e+00 9.989999998404361925e-01
3.766315384050096249e-01 7.749777801772165020e+00 9.989999999999963354e-01
2.207810930529998938e-01 7.937041201226056941e+00 9.989999999988418145e-01
9.989999999999998881e-01 7.760125062887239800e+00 1.000000000000000238e-03
6.400005928864651583e-01 7.959139663097320572e+00 9.989999999999993330e-01
6.947382306411227226e-01 7.754340259387889844e+00 9.989999996607821231e-01
6.410688103062973653e-01 7.949593274279924238e+00 9.989999997263816489e-01
1.000000044030281612e-03 7.718487926041183833e+00 1.593495826807599380e-01
5.973646688076219569e-01 7.960764884035881117e+00 9.989999999995601287e-01
9.989999999999983338e-01 7.746927066785389115e+00 7.015213028835033671e-02
7.256749376772467786e-01 7.949085610478418218e+00 9.989999999999985558e-01
9.614563654600345455e-01 7.745221529780816461e+00 1.000030389201912728e-03
4.359922794586751915e-01 7.953714941675420036e+00 9.989999999999998881e-01
9.989999736960170074e-01 7.759045989864215009e+00 1.000284084651138251e-03
5.324898079879998303e-01 7.949397198040017543e+00 9.989999999999955582e-01
6.326386713401450645e-01 7.732775152950246422e+00 9.989999999999998881e-01
6.461183725173861303e-01 7.951250443316665972e+00 9.989999999999994440e-01
9.989999999930240238e-01 7.763076013115812302e+00 1.000000004813537827e-03
4.096338143418922773e-01 7.933936191366972146e+00 9.989999999999998881e-01
9.436664547578984541e-01 7.766590744640562427e+00 9.989999729272570628e-01
4.984732798131101261e-01 7.930684180207764555e+00 9.989999999999085167e-01
9.989999999998873115e-01 7.746039225175733733e+00 1.000000000012537518e-03
7.078565005856178871e-01 7.966761868244505607e+00 9.989999999985068602e-01
8.993246955489105909e-01 7.763735305641530360e+00 1.000000004857610645e-03
9.989936045624174810e-01 7.951710278146038036e+00 9.989999999999998881e-01
9.989999999998687708e-01 7.729146641429958997e+00 1.000000001311874675e-03
9.989987322913564949e-01 7.970094352225302714e+00 9.989999998787428837e-01
9.989999999999998881e-01 7.761100694794192734e+00 1.000000000000000238e-03
6.671590545171606212e-01 7.964224380512840540e+00 9.989999999999692459e-01
9.989999999999998881e-01 7.764617157089781507e+00 1.000000000000000454e-03
7.039535560381846580e-01 7.959930876946023304e+00 9.989999999995811120e-01
9.989999999808519826e-01 7.754261828451710414e+00 8.364696622970643203e-01
5.697411154524639754e-01 7.944926479586827739e+00 9.989999999999998881e-01
5.229087570148420738e-01 7.760257082338911871e+00 1.000000000090678354e-03
6.492242950349459418e-01 7.952007676506909206e+00 9.989999999860825763e-01
1.000000174012737617e-03 7.727026636755228495e+00 1.938885682850583214e-01
5.701847737540789440e-01 7.953542003541924643e+00 9.989999999999998881e-01
4.923023744160481829e-01 7.736525278003633765e+00 9.989999999876251202e-01
8.071440827204779955e-01 7.954619304422164916e+00 9.989999999999704672e-01
6.667294321152846814e-01 7.767696597840071604e+00 1.000000111520718462e-03
6.197725975205685689e-01 7.951956241273728132e+00 9.989999999999998881e-01
9.989999999387703111e-01 7.771373481482144463e+00 1.000000000292528392e-03
9.989999999997469793e-01 7.962666633198363542e+00 9.989999999999998881e-01
9.989999999999994440e-01 7.777698091711454431e+00 8.001158715888890827e-01
5.372579626057530922e-01 7.951502728261258035e+00 9.989999999999977787e-01
4.362202412419307063e-01 7.768877694777207132e+00 1.000000024258152365e-03
9.989994110164052143e-01 7.959430345297624498e+00 9.989999989893615373e-01
9.989999999997618563e-01 7.740466146611673537e+00 1.000000000163082025e-03
4.907506896312672784e-01 7.944704808841414057e+00 9.989999999656161700e-01
1.000000000335425068e-03 7.769840253384805884e+00 1.000018979354931441e-03
5.837759251743686040e-01 7.939849636129557631e+00 9.989999999326647506e-01
9.989998928080154883e-01 7.720542071423167840e+00 1.000033917945329772e-03
5.726739281078274679e-01 7.946322366882228927e+00 9.989999999883175663e-01
9.989999996124141468e-01 7.761380224934337768e+00 1.000000646139200542e-03
9.989999999999998881e-01 7.950831585379732225e+00 9.989999999999998881e-01
8.824887527691037403e-02 7.746923937716973185e+00 1.000000000000012381e-03
9.076728667056673805e-01 7.958433735756310412e+00 9.989999999999985558e-01
9.989999999998755431e-01 7.745723086275784652e+00 1.000000013933461177e-03
7.632221560810699135e-01 7.954839152896063581e+00 9.989999999850308621e-01
9.989999999379385320e-01 7.764539037605139526e+00 8.141754097847511140e-01
8.817498340268248302e-01 7.951279120019197677e+00 9.989999999999972236e-01
8.756259311451608518e-01 7.745307749320498480e+00 9.989999999995340385e-01
5.342061309306178618e-01 7.955596054518032645e+00 9.989999999999986668e-01
9.989999999909221495e-01 7.784200669824985930e+00 4.209540135752898316e-01
2.015429931265065866e-01 7.957491588613319955e+00 9.989999999903548256e-01
7.301492787483344626e-01 7.759544708827281312e+00 9.989999999996124203e-01
6.666899818929916677e-01 7.950353380146734317e+00 9.989999999833500954e-01
8.437310272550311296e-01 7.748759328206666019e+00 1.000000757081355961e-03
8.121084699931747641e-01 7.948420941587650113e+00 9.989999999998654401e-01
9.989999999999995550e-01 7.747957877989655628e+00 1.000000000001406665e-03
3.611250564426889409e-01 7.943240582243205061e+00 9.989999999999976676e-01
9.989999940036523585e-01 7.774917396175792028e+00 1.000032917276567944e-03
6.477199432504215926e-01 7.945219257409181779e+00 9.989999999998372404e-01
9.989999999996923563e-01 7.762344639628982357e+00 8.137931981898145484e-01
7.967306437227864579e-01 7.961319598627189187e+00 9.989999999996096447e-01
8.806881991191750636e-01 7.767193673668695730e+00 1.000006004268892863e-03
8.534214389842974535e-01 7.959801711101520461e+00 9.989999999990186730e-01
5.282586223639452738e-01 7.752564001153042561e+00 1.000000000001886749e-03
7.477336002624331845e-01 7.948143894785818730e+00 9.989999999999881197e-01
9.989999999998386837e-01 7.785712881147981435e+00 4.421397001216275102e-01
3.648853313453959135e-01 7.948225337364884346e+00 9.989999995562980351e-01
7.487509966980857579e-01 7.759729672334766626e+00 9.989999999765230010e-01
1.904796166816513925e-01 7.933646561715023360e+00 9.989999999850985857e-01
4.911678872459137035e-01 7.737258354805774729e+00 9.989999999889332960e-01
8.223331712839998531e-01 7.958754904303863675e+00 9.989999999861787217e-01
9.989995000538830494e-01 7.753979931395400982e+00 9.989999984168157487e-01
7.927107513352373847e-01 7.953213260035210119e+00 9.989999999210441572e-01
2.949151424387130849e-01 7.733446919995579094e+00 9.989999956627799715e-01
7.457982543845826928e-01 7.960101788409187584e+00 9.989999999963586896e-01
9.442598007247751113e-01 7.752353523743050978e+00 9.989999999995863300e-01
6.859052099022950877e-01 7.948173417425349108e+00 9.989999999994187974e-01
7.868581913245047410e-01 7.778727338189373341e+00 1.000000000000000888e-03
8.575240235741746764e-01 7.943271880225429626e+00 9.989999999994649826e-01
4.058439431184830415e-01 7.755439406363598742e+00 1.000000115061284089e-03
5.180127262547837841e-01 7.953543721338794725e+00 9.989999999998909752e-01
9.989999999999998881e-01 7.727511298084629665e+00 1.000000000000075915e-03
4.895411974371846053e-01 7.935422502897261587e+00 9.989999997098184537e-01
9.989999999999965574e-01 7.761640581650339321e+00 1.000000301601693727e-03
7.871266809472696746e-01 7.945393579124692351e+00 9.989999999995105018e-01
8.643513277553204199e-01 7.728982182969761361e+00 7.664576602515972281e-01
5.424178681889929576e-01 7.944317186088949434e+00 9.989999999999986668e-01
1.000025871721348190e-03 7.764706365441993441e+00 5.335546814555212208e-02
7.509918612142908456e-01 7.930383153993434853e+00 9.989999999994072510e-01
9.989999999986659551e-01 7.751928469268908550e+00 1.000000051916538363e-03
6.679498001513021199e-01 7.946306833830580452e+00 9.989999999999998881e-01
9.989999998375577173e-01 7.744477619561396686e+00 1.000000003799282958e-03
5.797461508337007352e-01 7.953621807042305036e+00 9.989999994133358374e-01
9.989999985977157104e-01 7.750140323830912337e+00 1.000000935206106370e-03
2.331049780631829216e-01 7.923729529484340617e+00 9.989999999987200230e-01
9.989999999977856593e-01 7.773926166337748356e+00 9.989999906935340679e-01
2.866837216057820936e-01 7.952029385087449498e+00 9.989999992306537457e-01
9.989999999999862323e-01 7.775857829854869507e+00 1.000000001719293131e-03
9.468958376888362283e-01 7.952811900387887434e+00 9.989999999999903402e-01
9.989999971350912444e-01 7.748460793120199419e+00 1.000002701743071256e-03
5.427535304138700889e-01 7.944610878465521608e+00 9.989999999999970015e-01
9.989999999999302771e-01 7.772392247943205490e+00 9.989999999999998881e-01
9.295950521356211027e-01 7.950797190230208145e+00 9.989999999999996660e-01
7.823794060480754320e-01 7.754274785462363262e+00 9.989999999188917679e-01
7.614014432532547616e-01 7.960371347649176421e+00 9.989999999999961133e-01
3.279457113031830628e-01 7.712722474381421556e+00 1.000000075903351117e-03
5.633647192018943484e-01 7.935338498528503592e+00 9.989999999999998881e-01
8.349636148395787050e-01 7.753738898607373642e+00 1.000000027996488178e-03
3.053183378979831275e-01 7.927982906098412386e+00 9.989999995528636711e-01
9.989999999974729095e-01 7.747617743997690987e+00 1.000000008068903639e-03
5.206172517527057897e-01 7.943979175184406216e+00 9.989999999999792379e-01
9.989999998207038656e-01 7.788269569740075227e+00 3.224689451530519113e-01
7.642266590803591386e-01 7.948672987374355792e+00 9.989999999999449320e-01
9.850504131878586866e-01 7.755955150991532321e+00 9.989999999999407132e-01
8.976565717646552978e-01 7.950567891222378947e+00 9.989999999999632507e-01
9.989999999999950031e-01 7.725669332627764341e+00 1.000000000000441074e-03
5.363667143904841117e-01 7.947938562598541701e+00 9.989999999999825686e-01
3.952616971572988636e-01 7.730651651809692382e+00 6.439154090860316204e-01
7.980530215740713196e-01 7.945142224461503311e+00 9.989999999998410152e-01
9.989999996605315458e-01 7.772264882234540373e+00 1.000060247460643438e-03
4.331917862985670831e-01 7.951237225929904895e+00 9.989999999999800151e-01
9.989999999971472811e-01 7.788712631135189746e+00 1.882589916939133579e-01
3.452696653294300977e-01 7.925588477421552369e+00 9.989999996591000242e-01
1.000000010403992142e-03 7.743764539402257618e+00 3.057334151657796761e-01
7.809012916381202762e-01 7.954001829015311387e+00 9.989999999999809033e-01
7.780363131716186986e-01 7.747593704401235293e+00 9.989999999889225268e-01
8.605479602672315709e-01 7.957795405918956178e+00 9.989999999992529300e-01
9.989999999967280608e-01 7.766652585957708688e+00 8.995798982288487622e-01
5.822226034392770089e-01 7.952325374676833647e+00 9.989999999849964452e-01
9.387016445289547706e-01 7.733147480472087665e+00 9.989984486555419929e-01
9.102531011679220185e-01 7.961154631112191460e+00 9.989999999999983338e-01
1.232176711297111871e-01 7.749109358104240286e+00 1.000000971150653622e-03
6.041083267912473742e-01 7.948505610875304050e+00 9.989999999998931957e-01
9.989999999999998881e-01 7.711453317969031218e+00 1.000000000000000238e-03
2.873146553234977585e-01 7.935600912411588936e+00 9.989999999985230694e-01
9.989999999999998881e-01 7.785579211398514055e+00 1.000000000000827267e-03
2.863206213066252226e-01 7.949514453776746592e+00 9.989999999980427869e-01
9.796494100772145108e-01 7.730035838758961830e+00 9.989999998246388291e-01
5.918811763941144166e-01 7.965117294525692948e+00 9.989999999145157128e-01
9.989999999999991109e-01 7.751383597266614522e+00 1.000000002594344465e-03
6.368878944832223610e-01 7.941603228655237601e+00 9.989999999999998881e-01
9.989997933115598583e-01 7.778013628977254790e+00 1.000009900222689633e-03
8.203864177963471338e-01 7.958843147257613992e+00 9.989999999999503721e-01
9.989999993671542233e-01 7.783800753331204803e+00 5.716403474782701943e-01
9.989999999999968905e-01 7.955939665092651047e+00 9.989999999999998881e-01
9.349040830815957825e-01 7.779621509049048811e+00 9.989999999998990798e-01
4.326409319115872010e-01 7.951602287849719453e+00 9.989999999999998881e-01
4.474392951429649323e-01 7.764612189658991248e+00 2.070917076544555591e-01
8.497641475447130777e-01 7.949269947440335216e+00 9.989999999999825686e-01
1.000000015482346762e-03 7.758038178181344335e+00 1.295516178500564497e-01
5.330739263244040904e-01 7.943455904272575197e+00 9.989999999999378266e-01
9.989999999999994440e-01 7.779071845500552307e+00 9.700401934408727778e-01
8.763785008109997721e-01 7.953050607088154145e+00 9.989999999999998881e-01
9.989999999990949453e-01 7.751891710340095720e+00 1.000000000328994665e-03
5.159527224369551135e-01 7.955909774850958627e+00 9.989999999999946700e-01
9.989999999999998881e-01 7.729820132443879110e+00 1.000000000000001105e-03
6.231695404013459783e-01 7.936547831029548306e+00 9.989999998295527872e-01
1.000000150180962739e-03 7.736173758378473764e+00 1.693576975516454253e-01
3.396262624009540598e-01 7.935624969274251761e+00 9.989999999998643299e-01
6.295782391203321726e-01 7.772055676860072815e+00 5.598891841041292450e-01
2.810428851454530030e-01 7.951459078672883152e+00 9.989999999756972171e-01
9.989999999828822475e-01 7.766036387634574822e+00 1.000000009139306520e-03
5.847479067813211584e-01 7.954253713163120132e+00 9.989999999788226059e-01
1.000000027829592601e-03 7.741056323231081393e+00 2.319340223116104771e-01
7.024047412117467859e-01 7.961776898437887162e+00 9.989999999408913922e-01
9.989999999999998881e-01 7.779926766037577046e+00 1.000000000000000238e-03
8.158213960526586872e-01 7.953464820328738583e+00 9.989999999995835545e-01
9.989999999998523394e-01 7.774084734038346767e+00 9.820683549773634446e-01
8.826889129622748076e-01 7.949703284565638128e+00 9.989999999982434042e-01
6.378526635064675210e-01 7.743031988183021852e+00 9.989999999747819492e-01
5.221737564008384069e-01 7.952525746230506343e+00 9.989999999999322755e-01
8.813650486048408839e-01 7.758078967975846396e+00 9.989999999999942260e-01
4.873711722605515995e-01 7.937257474348567321e+00 9.989999999864870306e-01
9.989999999999998881e-01 7.779964556206908632e+00 9.989999999999998881e-01
5.855780266229179132e-01 7.949361795211661530e+00 9.989999999486631754e-01
9.989999999999998881e-01 7.755148503808924509e+00 1.000000000000181083e-03
9.989999999617186210e-01 7.971274286887465088e+00 9.989999999999998881e-01
9.989998853255336320e-01 7.748257593777224450e+00 9.989999999996900248e-01
4.667413383052107512e-01 7.937762458100364071e+00 9.989999999051752955e-01
5.803058501506633826e-01 7.740986017288236098e+00 1.000000000045271316e-03
9.989999999999950031e-01 7.953737561415982427e+00 9.989999999999998881e-01
9.989999999548716536e-01 7.737675152833348058e+00 1.000000001679650580e-03
9.701586072470401723e-01 7.951748036249943752e+00 9.989999999999998881e-01
9.989999999999998881e-01 7.724725252198120451e+00 7.935604895897478972e-01
7.767773026874498221e-01 7.960403897141780760e+00 9.989999999999585878e-01
9.989999999799543673e-01 7.747975682580525714e+00 1.000000087852891866e-03
9.937271056858291152e-01 7.952524650032898990e+00 9.989999999997398739e-01
9.989999780606266810e-01 7.736872032349629613e+00 9.989999999999992220e-01
8.594864616753155051e-01 7.956501500156788254e+00 9.989999999999998881e-01
9.989999999958397714e-01 7.752702878134981823e+00 8.829346253880664408e-01
9.989999999577076073e-01 7.935540388604763962e+00 9.989999999999998881e-01
1.517782554550170526e-01 7.747105902989582127e+00 1.000000007825739426e-03
3.803212079281597657e-01 7.942458054809535817e+00 9.989999999999288338e-01
9.989999999999987779e-01 7.777845986266716416e+00 1.000000000165300520e-03
7.462036640694610368e-01 7.956989478735708943e+00 9.989999999945463616e-01
9.989999999986575174e-01 7.762354115719632297e+00 9.989999999999998881e-01
3.735776378874280379e-01 7.962547092812791050e+00 9.989999999999765734e-01
8.173242127304016780e-01 7.730230023059959876e+00 1.000000193125529695e-03
6.398298568851165102e-01 7.934033000762799048e+00 9.989999997421340483e-01
9.989999847441479730e-01 7.744793256457904285e+00 9.989999999999704672e-01
5.762781849538686219e-01 7.943716519969370005e+00 9.989999999959998656e-01
9.989999999999995550e-01 7.771308766634232867e+00 9.989999999999998881e-01
6.736291754477859994e-01 7.958744943300461117e+00 9.989999999998722124e-01
8.075489606912664708e-01 7.763210538716797338e+00 9.989999959033201149e-01
2.704023694358701491e-01 7.935286131046420444e+00 9.989999999888533599e-01
9.989999999198329039e-01 7.729293403701601228e+00 2.682991053205140419e-01
4.000425742854112898e-01 7.950742366384672799e+00 9.989999999999998881e-01
9.989999999999998881e-01 7.780295859516923151e+00 1.000000000000802981e-03
5.420194308095418467e-01 7.950189954189213815e+00 9.989999999999770175e-01
9.989999998926623048e-01 7.766009752013809830e+00 1.796382378104557920e-01
7.628047138216432765e-01 7.952417577358230183e+00 9.989999999812753106e-01
9.989999999999173985e-01 7.703186424554798073e+00 1.000000000038928300e-03
8.028758668201990689e-01 7.952546959586172193e+00 9.989999985648695402e-01
9.989999999999817915e-01 7.771625918831542634e+00 8.842449927457746162e-01
3.172814218625867877e-01 7.959728142668599737e+00 9.989999999999965574e-01
9.989999992791670502e-01 7.776587276229672163e+00 1.000001294353447144e-03
5.420617882459748405e-01 7.940100738816151527e+00 9.989999999999987779e-01
9.989999999999622515e-01 7.743663519998674971e+00 9.989999999999998881e-01
5.536015117717774103e-01 7.946557668181982947e+00 9.989999999999948921e-01
9.989999999762301242e-01 7.786967744314444495e+00 3.703663348807226252e-01
5.687095891637407030e-01 7.953857847473083886e+00 9.989999999999998881e-01
5.897321213981769894e-01 7.753968386907082788e+00 1.000000014692798431e-03
7.121141856904623646e-01 7.964753852585544358e+00 9.989999998518775959e-01
7.097054993976223969e-01 7.767366915692146101e+00 9.989999999999997771e-01
3.505479578035278210e-01 7.954721660600556632e+00 9.989999994163878405e-01
9.989999998978584816e-01 7.746668534885994717e+00 1.000000005668346022e-03
7.592075390844699179e-01 7.940950816751867869e+00 9.989999999922639651e-01
9.989999988791118390e-01 7.735922534742733170e+00 9.989999999999998881e-01
8.169822415969781870e-01 7.974274892677263082e+00 9.989999999819526577e-01
9.989999999999998881e-01 7.722019248408571457e+00 1.000000000000000888e-03
9.224760467885262383e-01 7.949831624854947876e+00 9.989999999999958913e-01
1.013701705572139788e-01 7.760740375538510705e+00 1.000000047303047134e-03
8.341071173573015862e-01 7.970200273924692880e+00 9.989999999990224477e-01
9.989999970729432910e-01 7.723190125395928085e+00 5.828104896275183577e-01
5.144542713679093326e-01 7.940861690388352656e+00 9.989999999999135127e-01
9.989999999608050185e-01 7.768828503181654632e+00 6.844797170956196108e-01
4.695583995135205746e-01 7.944325516714597413e+00 9.989999998997313169e-01
9.989999999734534564e-01 7.721167434380557637e+00 9.989999999999998881e-01
5.000313846544356400e-01 7.946518559903651635e+00 9.989999999938982134e-01
1.339922865539175667e-01 7.763656570128556922e+00 1.000000005659387259e-03
7.555491275850350075e-01 7.964486697030989326e+00 9.989999999999312763e-01
9.989999999711715040e-01 7.745583816056347715e+00 1.000000004523765931e-03
5.141631574151802608e-01 7.933250387583363761e+00 9.989999999998512292e-01
7.214765112146546144e-01 7.760557992047055542e+00 9.989999999999751301e-01
8.057107464785333573e-01 7.949874886481717695e+00 9.989999999955657684e-01
1.296754370219292685e-01 7.746697183546155330e+00 9.989999992038535170e-01
4.659740751949955628e-01 7.940363325713332365e+00 9.989999999974695788e-01
8.406787059906681292e-02 7.720306301788389725e+00 9.989999999998008251e-01
5.885910101962872343e-01 7.947997718589149052e+00 9.989999998886560650e-01
9.402680787381678673e-01 7.739321567039416649e+00 9.989999999999945590e-01
6.486645919988081044e-01 7.962651344097821493e+00 9.989999999999998881e-01
3.727244275814949881e-01 7.789194841467812935e+00 1.000000068220294669e-03
8.719683446400323668e-01 7.959261591903493027e+00 9.989999999982268619e-01
9.989999999999998881e-01 7.777260978630642363e+00 1.000000000000000238e-03
9.989998170533710420e-01 7.956593800933891458e+00 9.989999999223830862e-01
5.449414062918770396e-01 7.746786946630694892e+00 9.989999999999817915e-01
8.456915678149981019e-01 7.952238938704144111e+00 9.989999999999887859e-01
1.283793757424523396e-01 7.740509616130729853e+00 1.000000133518323371e-03
7.920742747577090848e-01 7.957461029935732455e+00 9.989999999993004476e-01
9.581563958232136580e-01 7.739181255761475420e+00 9.989999999956094001e-01
5.881074570532295320e-01 7.952762483418018391e+00 9.989999999998639968e-01
9.989999999935380570e-01 7.770171619291994958e+00 9.702888949348539294e-01
8.756403685419559269e-01 7.955961714077143476e+00 9.989999999995597957e-01
9.961477412672241627e-01 7.715627971716735978e+00 9.989999999998276925e-01
7.701096671761720192e-01 7.953207450092078190e+00 9.989999999999998881e-01
9.989999999997781766e-01 7.793896233087811432e+00 1.007053119930121114e-03
4.308851777237877045e-01 7.939854194538419563e+00 9.989999999831048472e-01
9.989999999971892475e-01 7.759507887568267037e+00 9.791438203963368503e-01
6.253305284973201816e-01 7.958044461626490929e+00 9.989999998607764775e-01
4.820642289598198182e-01 7.763423929953706448e+00 1.000000007055971063e-03
4.445447750790667563e-01 7.947494984019058961e+00 9.989999997479659388e-01
1.000000338387782659e-03 7.719034266980873582e+00 5.629320778352828736e-01
9.070900483908198586e-01 7.962381407538476452e+00 9.989999999999686908e-01
9.989999999999998881e-01 7.764300100970674912e+00 1.000000000000371902e-03
7.770970919053502013e-02 7.955695945800680846e+00 9.989999998826276650e-01
1.762589499701436579e-01 7.739717783003293938e+00 9.989999993316024396e-01
6.126136418007033235e-01 7.957554036742758186e+00 9.989999999580946310e-01
9.989999999989749302e-01 7.764930148884583438e+00 9.989999904699904398e-01
3.882210682172138050e-01 7.947368558846790165e+00 9.989999998745899834e-01
9.989999630279247089e-01 7.777060265732214539e+00 9.989999999138150510e-01
9.656545469673251114e-01 7.965685662367738118e+00 9.989999999987345669e-01
1.000000000978851786e-03 7.757409685080945749e+00 1.000000000023621100e-03
5.813120877107208484e-01 7.949347020262962360e+00 9.989999999786751683e-01
8.506428253555482488e-01 7.755257060192720431e+00 9.989999999995476943e-01
8.040367529181772221e-01 7.945653039788844296e+00 9.989999999954825016e-01
9.989999999683291110e-01 7.772619942761754608e+00 2.966425213654620974e-01
9.989999818216700467e-01 7.962666402823138867e+00 9.989999999954989329e-01
9.989999977434577128e-01 7.767253663594800628e+00 9.989999999998852021e-01
4.248960399554921885e-01 7.963748437500800748e+00 9.989999999999992220e-01
5.630602417401647797e-01 7.726586142962410975e+00 1.000000000887876815e-03
7.070214432606232169e-01 7.949649266613207033e+00 9.989999998969835149e-01
9.989996772056045637e-01 7.749209834734170244e+00 9.989999999934041641e-01
6.126541780575679441e-01 7.952372303294565903e+00 9.989999999999998881e-01
9.989999916418706993e-01 7.772660923026612600e+00 5.523305974611304459e-01
7.863116789604902568e-01 7.943486015357377639e+00 9.989999999749082926e-01
9.989999695862753493e-01 7.777809129016632461e+00 9.989999999886417514e-01
5.193821216314410405e-01 7.957487103835340747e+00 9.989999999999997771e-01
9.989999220178791273e-01 7.753054080345067156e+00 1.000000114953106516e-03
4.919926009604371209e-01 7.964397750082600425e+00 9.989999999734731073e-01
9.989999999999942260e-01 7.755920643426262195e+00 1.000000000002451185e-03
2.744771405106365414e-01 7.932516031867772099e+00 9.989999999999998881e-01
6.921330162576687650e-01 7.731548046174006927e+00 9.989999999997185576e-01
6.659192872359604998e-01 7.956594574883318671e+00 9.989999999991214796e-01
7.693564644804130881e-02 7.746073150562009069e+00 1.000000022989067918e-03
5.942952943448484016e-01 7.933676363003574039e+00 9.989999999999087388e-01
1.000002488298666094e-03 7.762169814066507634e+00 1.001280595562507088e-03
4.860499884144290905e-01 7.945522277431293467e+00 9.989999999805238007e-01
1.161178227598701485e-01 7.718740532480487637e+00 9.989999999363757821e-01
3.387059452262197179e-01 7.938446380094068111e+00 9.989999999999933378e-01
3.023665715606654869e-01 7.721996098428720146e+00 9.989999999999977787e-01
6.114488162027555962e-01 7.947753555883705801e+00 9.989999999999998881e-01
9.989999998302855344e-01 7.758133931437426689e+00 4.580226695306364726e-01
6.400711004156416362e-01 7.944746137345627623e+00 9.989999999996529434e-01
9.989999999928181884e-01 7.749584986984612733e+00 7.232987384361792005e-01
9.560090650216743757e-01 7.948905388310865128e+00 9.989999999250953611e-01
3.489379195180952742e-01 7.730086474372446226e+00 9.989999999999974456e-01
9.989999921598207155e-01 7.959920231436497851e+00 9.989999999999998881e-01
7.937532364977045729e-01 7.733835234961163430e+00 9.989999999976660883e-01
5.769704298593888447e-01 7.948113885031970582e+00 9.989999999619560977e-01
9.989999999991806545e-01 7.742571837580136673e+00 1.000000001951059127e-03
8.368888537617771295e-01 7.960280009007204782e+00 9.989999999927301477e-01
3.489533036271312283e-01 7.747477335566240519e+00 1.000000002532953902e-03
5.243856340413196593e-01 7.947615710132675204e+00 9.989999999999998881e-01
2.041074055645180074e-01 7.750296268099054586e+00 1.000000007620367466e-03
5.185303421049013428e-01 7.947533820338289701e+00 9.989999999996702629e-01
9.059367363747621305e-01 7.750719703200180000e+00 9.989999998748568810e-01
1.695114627452751210e-01 7.942921095757984773e+00 9.989999999999835678e-01
5.889581747293369807e-01 7.739637997307544204e+00 9.989999999999980007e-01
5.355288115510643543e-01 7.951967065766001319e+00 9.989999999999792379e-01
1.208710391784727917e-02 7.735123680697739701e+00 1.000000034071094925e-03
9.436466160365311051e-01 7.958068876010691461e+00 9.989999997848262314e-01
9.989999999999987779e-01 7.765761955808688555e+00 1.462645106390689231e-01
3.408400276061144263e-01 7.943879473128027335e+00 9.989999995741524197e-01
9.989999838717025238e-01 7.777209233890606477e+00 9.989999999938259378e-01
7.456800438873011361e-01 7.946950180275640818e+00 9.989999999972751787e-01
5.755281896686178511e-01 7.763107223500750109e+00 1.000000507467098095e-03
6.221990027016002234e-01 7.960827152800003859e+00 9.989999999327526803e-01
9.989999999679023412e-01 7.749468617070913723e+00 9.989999710969319491e-01
3.999135449705452650e-01 7.966454732389791182e+00 9.989999999983557588e-01
9.989999971708845017e-01 7.775169802309728873e+00 4.674106620574552395e-01
7.108126088510509089e-01 7.950993827162343486e+00 9.989999997885509186e-01
9.989999999999998881e-01 7.743801852208550329e+00 1.000000000000027126e-03
7.469709414696961147e-01 7.959940653791881537e+00 9.989999999999998881e-01
6.043137446322957018e-01 7.771351835952989617e+00 1.000000000000000238e-03
4.419792452620315837e-01 7.950703685442891633e+00 9.989999998669102377e-01
8.147520342328924414e-01 7.755997268112636789e+00 9.989999999999995550e-01
3.193081478134154882e-01 7.938708669819452446e+00 9.989999999999954472e-01
9.989999999991091562e-01 7.762423301942988019e+00 1.000427859792793195e-01
6.414818180786543422e-01 7.964043371786141634e+00 9.989999999999998881e-01
5.595123065991286504e-01 7.772894863952590327e+00 1.000007748341335970e-03
6.559256673687186012e-01 7.949141561178633353e+00 9.989999999999927827e-01
1.000000013990475899e-03 7.743799362413976262e+00 3.670124230581079949e-01
8.193969520946539076e-01 7.956783191805818944e+00 9.989999999356909965e-01
8.809545535289688978e-01 7.745686745046765687e+00 9.989999999998829816e-01
6.735212193192577912e-01 7.948145504585003351e+00 9.989999999999997771e-01
9.989999999999998881e-01 7.744946983567228216e+00 6.134399072525175134e-01
2.060440824883810473e-01 7.946487943334083148e+00 9.989999999916989726e-01
3.622660672142978266e-01 7.754095948915083802e+00 1.000013050281268415e-03
2.302597782803435800e-01 7.941385390714733816e+00 9.989999970000891238e-01
9.989999999999998881e-01 7.793042074790611728e+00 1.000000000000026909e-03
7.131108430504629059e-01 7.960460265023616699e+00 9.989999999845488032e-01
8.885127420517529018e-01 7.725598374508367172e+00 9.989999999988345980e-01
9.989977773801409500e-01 7.961048611996171864e+00 9.989999999945471387e-01
8.966879451722252758e-01 7.757351360518270234e+00 9.989999999466183667e-01
5.413070427782179506e-01 7.941942343922779202e+00 9.989999999999917835e-01
5.134803499490246947e-01 7.745412861540067695e+00 1.000000000840916116e-03
3.311509211178811918e-01 7.945795143455512743e+00 9.989999999987256851e-01
6.104574491008204484e-01 7.765817857374289090e+00 9.989999999999998881e-01
9.149005663804893329e-01 7.952639041809156595e+00 9.989999999999964464e-01
1.551881039322962341e-01 7.747356898886191168e+00 1.000000049053525368e-03
2.185641932212677441e-01 7.958121354513662205e+00 9.989999999896850280e-01
9.989999999997835056e-01 7.755672978918093818e+00 1.000000000257565040e-03
5.107904389399562373e-01 7.948099270840082831e+00 9.989999999997221103e-01
7.792281851301917639e-01 7.758933840969667983e+00 9.989999999863614644e-01
6.427739435608958996e-01 7.946740582887373172e+00 9.989999999641911987e-01
9.904140527013545192e-01 7.734122804992524358e+00 9.989999999791593366e-01
7.477639701274326756e-01 7.938710970495352903e+00 9.989999999978330658e-01
3.132971925392797896e-01 7.726806594124215444e+00 4.298448562833301900e-01
4.207021088288894206e-01 7.955013445713770892e+00 9.989999999995322622e-01
9.989999999999998881e-01 7.757447358588692055e+00 9.989999945201402110e-01
9.989999999997801750e-01 7.954679317834610686e+00 9.989999999999998881e-01
9.989999999971647116e-01 7.764511773107897419e+00 5.425919965346079898e-01
6.559914924635518174e-01 7.950677078348674875e+00 9.989999999994539914e-01
3.245840119929968015e-01 7.746941452483530277e+00 9.989999999967864586e-01
9.460950219277330930e-01 7.965053167299290138e+00 9.989999999987290158e-01
8.138408325974880730e-01 7.778708937245947475e+00 9.989999999999431557e-01
8.860034212294213285e-01 7.953771931346699908e+00 9.989999999999995550e-01
9.989999999999745750e-01 7.753035183928421503e+00 1.000000000112478407e-03
4.590110241031332139e-01 7.939626840473947844e+00 9.989999999999996660e-01
9.989999999999334968e-01 7.748650925704598791e+00 9.217943232077305815e-01
6.344117074990724969e-01 7.952703621034381776e+00 9.989999998118808122e-01
5.386243474002612164e-01 7.744378240805797731e+00 9.989999999999912283e-01
2.934305222470369179e-01 7.937637854144595551e+00 9.989999997587253322e-01
3.374849269344618596e-01 7.768807636559709628e+00 9.989999482988615176e-01
9.652864769449374105e-01 7.960295334807470979e+00 9.989999999908210082e-01
1.000000004924969958e-03 7.727397704340241980e+00 5.712097564799886174e-01
7.198431317631007742e-01 7.941668077087761013e+00 9.989999999985011980e-01
6.856973410572764216e-01 7.723790761901631718e+00 9.989999993803105882e-01
2.399302234949557133e-01 7.949738503065286288e+00 9.989999999987970725e-01
9.989999999992074109e-01 7.781641813025188981e+00 9.989999999999980007e-01
4.407910437225436850e-01 7.942580618209657217e+00 9.989999999999998881e-01
9.989999999019807397e-01 7.748593600214907617e+00 4.692245286367884294e-01
6.261113897707516474e-01 7.955961224374755503e+00 9.989999998535801229e-01
4.436235965728607678e-01 7.734827171654635514e+00 9.989999999999998881e-01
2.363185616977774850e-01 7.922077752799619788e+00 9.989999999466604441e-01
9.989999999981609147e-01 7.758085644944301862e+00 4.836492227394708632e-01
8.710174550263757309e-01 7.949532621510515540e+00 9.989999999997544178e-01
9.989999999999127356e-01 7.759329087617634180e+00 9.989999463413018477e-01
3.613304453788588888e-01 7.950600236940163157e+00 9.989999993856214511e-01
9.989999999999998881e-01 7.713740302002688232e+00 1.000000000000026259e-03
3.519206283604425223e-01 7.951418248591030746e+00 9.989999999992136281e-01
6.470879792891430782e-01 7.772908151356668682e+00 1.000000000000013682e-03
3.548181230847300416e-01 7.943316062020722157e+00 9.989999999999998881e-01
9.265064605565020983e-01 7.755347587023732281e+00 9.989999999999625846e-01
6.759963036437883765e-01 7.944253809582118464e+00 9.989999999984471302e-01
5.860884966262625700e-02 7.770287669379567497e+00 1.000000020357732881e-03
9.989991530748899562e-01 7.962390756685239879e+00 9.989999999973652178e-01
9.989999933922836250e-01 7.745978123081961542e+00 5.471398185368794298e-01
7.110478413158136668e-01 7.951007009913860557e+00 9.989999999999941149e-01
4.741985226046955271e-01 7.750193622965804607e+00 9.989999999945056164e-01
6.692009585252283177e-01 7.942130679261214077e+00 9.989999999999989999e-01
9.989999999999993330e-01 7.760886467155155621e+00 8.027764415998828174e-01
7.692440211432786112e-01 7.952055067490610973e+00 9.989999999962064781e-01
9.989999999999948921e-01 7.767425410608902681e+00 1.000000000003592199e-03
4.677630552292832422e-01 7.949448875493422939e+00 9.989999999999993330e-01
7.530099161676435671e-01 7.737243894025464641e+00 9.989999999937669850e-01
6.774764449602430627e-01 7.961187630448982588e+00 9.989999999994069180e-01
9.989999999865747382e-01 7.780432138579860712e+00 6.843234648077648474e-01
1.959830837626202749e-01 7.947967613815182908e+00 9.989999999811867148e-01
9.989999999999998881e-01 7.762633759157560043e+00 1.000000000000000454e-03
7.830404450385619608e-01 7.941708699735633203e+00 9.989999999584930901e-01
9.989999999994583213e-01 7.772455760603905084e+00 1.000000001626391750e-03
9.826038659738242087e-01 7.966886188913582245e+00 9.989999999999240599e-01
9.989999999999998881e-01 7.773869263645401873e+00 1.000000008637643139e-03
8.639997997406893837e-02 7.930568966509908613e+00 9.989999999926943985e-01
9.989999999994938484e-01 7.783008892240419918e+00 4.300191242792240631e-01
6.227243816301152313e-01 7.947176977769116135e+00 9.989999999999998881e-01
5.133068384833271436e-01 7.760858428075742665e+00 1.000000030500597294e-03
6.608861028341341814e-01 7.942345583424694766e+00 9.989999999996066471e-01
6.844569305051385610e-01 7.731400977833049915e+00 9.989999999864308533e-01
7.499066319252725155e-01 7.970005664684372881e+00 9.989999999999967795e-01
5.142625593133511863e-01 7.737624771890530440e+00 9.989999999625376326e-01
8.699159835772752869e-01 7.966584156308485376e+00 9.989999999975331946e-01
9.987732205208494918e-01 7.742520287921013100e+00 6.539758704596146943e-01
4.974563391539448265e-01 7.959780194626243421e+00 9.989999999159440147e-01
9.989999999999998881e-01 7.778145182688756876e+00 1.000000000000000238e-03
3.715788103769697703e-01 7.945745416712474807e+00 9.989999998071439347e-01
9.989999990916558215e-01 7.748106301075070590e+00 8.097030955485247095e-01
7.755076260635929142e-01 7.948780366039360779e+00 9.989999999989981339e-01
9.989999999109417939e-01 7.754338048014923324e+00 1.000000029341573463e-03
2.789591560529887659e-01 7.950309703364951019e+00 9.989999999940474273e-01
9.989999999999878977e-01 7.762434473503001975e+00 1.000000000020994295e-03
2.973705417731801193e-01 7.939461833664201329e+00 9.989999999969917388e-01
9.989999999999998881e-01 7.763789691367108503e+00 1.000000000000000238e-03
7.438876348155399887e-01 7.945699741067655530e+00 9.989999999999998881e-01
6.745393985940778547e-01 7.731036742651160587e+00 9.989999995005998112e-01
9.989999999215238846e-01 7.958562773682450242e+00 9.989999999999998881e-01
9.989999762990684484e-01 7.766856691116247546e+00 1.000064126958275651e-03
4.834088466954394314e-01 7.950492249491357022e+00 9.989999999529814989e-01
1.000000377557628845e-03 7.725767006746078636e+00 8.591248171115585253e-01
3.355280247913627334e-01 7.942635192340950390e+00 9.989999999996956870e-01
1.000006240449743131e-03 7.756303641248901037e+00 1.444064680868683281e-01
7.335003736771082972e-01 7.949602162273736283e+00 9.989999999999998881e-01
6.650047623241945871e-01 7.782009278368485994e+00 9.989999999789057616e-01
3.714768047909451365e-01 7.943810164230051818e+00 9.989999999756643545e-01
9.989999998377925294e-01 7.754328730656426139e+00 8.648379783904263096e-01
4.061245454054193127e-01 7.952619918889157979e+00 9.989999999999936708e-01
1.384090253764992499e-02 7.769383366740981955e+00 1.000000163018490438e-03
9.989999999999329416e-01 7.963396695649867851e+00 9.989999999999998881e-01
9.989999999999883418e-01 7.775857881357557844e+00 2.797157003377646611e-01
7.984010597490700523e-01 7.958099305102035004e+00 9.989999999999997771e-01
9.989999943435705632e-01 7.766893882006368877e+00 3.936089369904025581e-01
2.440345783701686755e-01 7.945393166869584967e+00 9.989999999999472635e-01
1.191712995421902593e-01 7.722251817590144896e+00 1.000002904875664685e-03
5.420476296196204968e-01 7.948401916160815261e+00 9.989999999999924496e-01
9.989999999999998881e-01 7.766280021227290220e+00 1.000000000000081119e-03
5.675623934736239162e-01 7.933188475685862606e+00 9.989999999999998881e-01
9.989999999964921384e-01 7.764018489424960201e+00 3.569441806371327353e-01
5.446833333213579875e-01 7.939630817834803622e+00 9.989999999999994440e-01
9.989999999999913394e-01 7.776450227436630058e+00 1.000000000673319711e-03
3.379227567764502282e-01 7.952009692456648793e+00 9.989999997609059212e-01
9.989999999985189616e-01 7.728128737663499059e+00 1.000000000771522190e-03
3.339585729981049411e-01 7.937615016088188646e+00 9.989999997023172318e-01
2.866249258860861793e-01 7.767710230171837260e+00 1.000000160989623346e-03
2.454586166337680564e-01 7.944184372979394837e+00 9.989999999988391499e-01
9.989999999932202002e-01 7.777861690514241921e+00 9.989999999999981117e-01
9.989999996393571502e-01 7.960264830061237085e+00 9.989999999999957803e-01
1.114280749527556402e-01 7.718492780098172190e+00 1.000000032750410694e-03
7.005084971851681663e-01 7.967305329779760470e+00 9.989999998912453272e-01
7.217597840646082785e-01 7.760039274665222031e+00 9.989999999998950830e-01
5.985407803876326982e-01 7.956744326933008260e+00 9.989999999998064872e-01
9.989999999904144445e-01 7.776529757427749878e+00 4.595258227961398489e-01
7.501503242987385134e-01 7.949451615473601684e+00 9.989999999999851221e-01
6.604605778126975135e-01 7.769875266406503833e+00 9.989999999999901181e-01
6.650785065485252945e-01 7.946508256156888272e+00 9.989999995579178504e-01
9.989999999999998881e-01 7.773534130665218811e+00 6.283548100483891119e-01
7.422979983034206919e-01 7.956217694831118514e+00 9.989999999990161195e-01
9.989999725923289775e-01 7.767453488424140851e+00 1.000011645227921958e-03
6.327025931931434810e-01 7.952190405159875297e+00 9.989999997239552565e-01
8.619394513109683853e-01 7.749876401121247760e+00 1.000001709718659204e-03
8.531201170152731272e-01 7.951220378572150693e+00 9.989999999999998881e-01
9.989999999999995550e-01 7.750226595705691501e+00 1.000000000001105690e-03
9.989782607534754000e-01 7.955131002938478524e+00 9.989999999999998881e-01
8.764555074681622537e-01 7.754083701662257688e+00 9.989999999999985558e-01
6.990852390775926795e-01 7.952538535100074135e+00 9.989999999994003677e-01
8.348063933303140338e-01 7.727446848106839461e+00 9.791094344666156912e-01
6.411263684930751383e-01 7.958765827473844645e+00 9.989999996387373127e-01
2.086471165148561652e-02 7.773505960928081215e+00 3.404641946311431216e-02
4.063171990818379986e-01 7.944724714329700177e+00 9.989999999999951141e-01
9.989999999999998881e-01 7.767874232865309203e+00 8.046099654213043628e-01
7.672908347873214074e-01 7.954931919519269812e+00 9.989999999999579217e-01
9.756433269297447586e-01 7.760592079518088937e+00 1.000006485458372618e-03
9.035699709401115998e-01 7.968560776935167844e+00 9.989999999999991109e-01
9.989999935611522108e-01 7.752859515330944973e+00 9.989999999999984448e-01
