1.894304212074133242e-01 7.933432422657996419e+00
4.098303731147966422e-01 7.741607635606757576e+00
2.148538435182146267e-01 7.942467902235889277e+00
1.497854933576255321e-01 7.761212153153830506e+00
1.158736887468429233e-01 7.925916575405477005e+00
4.338071825064548914e-01 7.764201422450867973e+00
2.064321077699082241e-01 7.946456063140837855e+00
9.989999998525170843e-01 7.723353976169542001e+00
3.533120380526000304e-01 7.955675731106870430e+00
3.032380751918581918e-01 7.748855832455419979e+00
4.307697270176289450e-01 7.958861261044035018e+00
9.989999999999998881e-01 7.735119077510281826e+00
3.063058039090274520e-01 7.946150696749208819e+00
9.261597390945981445e-01 7.753423218144382290e+00
4.758984189858506131e-01 7.962329187764371596e+00
9.989999990350447723e-01 7.770898379301480752e+00
2.512592901784507227e-01 7.941839777009463752e+00
9.989999999991605595e-01 7.766219861130266189e+00
2.811569010181962369e-01 7.957298556119152266e+00
6.623910143279795326e-01 7.749207208962692661e+00
1.931205779501741215e-01 7.953362129757320709e+00
1.215240879863404011e-01 7.726391967904313596e+00
2.593686517766057853e-01 7.953661835301738314e+00
9.989999999999998881e-01 7.730782422917722663e+00
1.292314067861593252e-01 7.943440378318447515e+00
8.166488856906667371e-01 7.761071997832225122e+00
2.903503573324610065e-01 7.957806679868334676e+00
9.989999999999998881e-01 7.721789352592038469e+00
3.959999232990471518e-01 7.962589502399450403e+00
9.989999999999998881e-01 7.762587390516967112e+00
2.043573790662814027e-01 7.950188419150682861e+00
9.989999999999998881e-01 7.730393610351005584e+00
4.294344361021518175e-01 7.951422976445917001e+00
5.102515943348348015e-01 7.768830663172927586e+00
3.147343032045329392e-01 7.950301095449249011e+00
7.647273153526708001e-01 7.778744587683484646e+00
3.250787091968819764e-01 7.946981809930145246e+00
8.141768399076785290e-01 7.755782495819865119e+00
4.367428650858913852e-01 7.958001756353500156e+00
4.180765290092952058e-01 7.762045381425831891e+00
1.227813747514417825e-01 7.936452470734744580e+00
7.497445525735451088e-01 7.751111039649217105e+00
2.882931258342100178e-01 7.945127830153785098e+00
9.989999854655963185e-01 7.748959223269705987e+00
3.215369900440873119e-01 7.940875714949540587e+00
1.043892630124773901e-01 7.722663604669174120e+00
4.342927760322142644e-02 7.938168554686003020e+00
6.638916779508431398e-01 7.724937848541769014e+00
3.470767103079938631e-01 7.956509943656962847e+00
6.453122600652192453e-01 7.793965241826443346e+00
3.770292924880276897e-01 7.955598162022033293e+00
8.839588486883870333e-01 7.750500030378359995e+00
3.229534060045330390e-01 7.951817075438812665e+00
9.989999999941506781e-01 7.752338859998736176e+00
2.412857857620195057e-01 7.933248100676281389e+00
9.989999982194424089e-01 7.738853919517087121e+00
1.922928497206534693e-01 7.951879058988915006e+00
2.341800655684851407e-01 7.712144857992116798e+00
3.279481568878728215e-01 7.955848698529304208e+00
8.876369767983133263e-01 7.772862714925278027e+00
2.214038978890840170e-01 7.940107701978504906e+00
9.989999999999952252e-01 7.781233523257456319e+00
2.529400936708818826e-01 7.953380756051000589e+00
9.989999999999952252e-01 7.758239995562493441e+00
4.119106460268652792e-01 7.946883434270985092e+00
9.989999999989439550e-01 7.736453215061033895e+00
2.896322818407774946e-01 7.955689501620571313e+00
3.358034282440014451e-01 7.715026537238560245e+00
2.818049863605424088e-01 7.957497660863731781e+00
8.254429046026624528e-01 7.736213628796964947e+00
1.877998045224324175e-01 7.941629708194139603e+00
9.989999999999998881e-01 7.724455968876529965e+00
3.233778334734158655e-01 7.954378215401294305e+00
9.989999997201033377e-01 7.779870112510293367e+00
1.362860958350516627e-01 7.951392279016701536e+00
9.989999999095308114e-01 7.761515039191070997e+00
4.157242933941673324e-01 7.958081682270432999e+00
6.371834056879470687e-01 7.750708514088579193e+00
2.825690410478377546e-01 7.937352429246678831e+00
9.989999999999567004e-01 7.762793203278818943e+00
1.491735043672786643e-01 7.944870190376089880e+00
9.989999999999997771e-01 7.775968659802966698e+00
4.834692841669622765e-01 7.945272878503823577e+00
6.548180669789528396e-01 7.759242972512832459e+00
1.131548925653911714e-01 7.950330087431535020e+00
2.379307973026783818e-01 7.753723796604720775e+00
2.412515626166234495e-01 7.953032503963455291e+00
9.989999971181456884e-01 7.769436128803818065e+00
2.205411619721972527e-01 7.946811942798293948e+00
9.989999999999998881e-01 7.757192538519821490e+00
2.460267933289905784e-01 7.950478130697654855e+00
7.732502816658709532e-01 7.755971190989242814e+00
4.895962839408063427e-01 7.945779917937587200e+00
9.755994350124681525e-01 7.772385272536291190e+00
1.871424525435722852e-01 7.959230918879755201e+00
3.299522157546103673e-01 7.754499772697620585e+00
2.279413179718598748e-01 7.945213341262694406e+00
1.811500855877563876e-01 7.751858676409941751e+00
2.535493771530957785e-01 7.943116335990906940e+00
8.290504805692853196e-01 7.777843141318225406e+00
2.887161370150837514e-01 7.945149900364111950e+00
3.352297071107512294e-01 7.778302535660031047e+00
3.012154942084805387e-01 7.951864185764045523e+00
2.446961314426626954e-01 7.749325741292627079e+00
1.412359605217259340e-01 7.941714682098356626e+00
7.535607094996591426e-01 7.765318943653783279e+00
4.040616952079909563e-01 7.945015141173445095e+00
5.051145429237582363e-01 7.723455288631792648e+00
4.801364430671665184e-01 7.964252177934024068e+00
9.989999999999693570e-01 7.765353205365340905e+00
1.000002691689511058e-03 7.934568423200298426e+00
9.989999999999924496e-01 7.749584780613260726e+00
3.231955103280282904e-01 7.948245677933204689e+00
1.730005883535004618e-01 7.680878958287158831e+00
1.614418435784745476e-01 7.943360031012479006e+00
9.989999999999921165e-01 7.774523360943107697e+00
3.516965612701365984e-01 7.942817210485295654e+00
5.754087961560520048e-01 7.769997584732123208e+00
3.220432109780606567e-01 7.949656246531154657e+00
7.106265213635953870e-01 7.744579242965974331e+00
2.347877579477734566e-01 7.938972632472522051e+00
7.854146641110965055e-01 7.748605515122728882e+00
2.386891338319736822e-01 7.949904036263955476e+00
9.989999999999981117e-01 7.733565914240780437e+00
2.992953633887874831e-01 7.942571299940957452e+00
5.306567367218272269e-01 7.765167963041769816e+00
2.412982168011120754e-01 7.952445230113936780e+00
4.613927405284731775e-01 7.756863712197493044e+00
3.515933403317041406e-01 7.945516482936598734e+00
9.989999999993389723e-01 7.755001245175072278e+00
3.070091515099457324e-01 7.954226422913706962e+00
8.117123615536138148e-01 7.751202745478711797e+00
2.409868960182506570e-01 7.951727838044043040e+00
9.989999999999995550e-01 7.724371292637499664e+00
1.380729157861253220e-01 7.947050505215782046e+00
2.275630594669990070e-01 7.727616042714211098e+00
2.663183778320629136e-01 7.950834948660934209e+00
9.989999999999998881e-01 7.769253330448615991e+00
3.752781205800239106e-01 7.959601728352390104e+00
6.166613289441462697e-01 7.743695161466949806e+00
1.254179552634847039e-01 7.942087236334687717e+00
4.635045981856082964e-01 7.758563945423879282e+00
3.242368057182676289e-01 7.956292184166814607e+00
6.636159258343735656e-01 7.759338516205503744e+00
3.224870499572815019e-01 7.963268239279964966e+00
5.835118730603354731e-01 7.758507913119369270e+00
4.009538468787611776e-01 7.948135912288543103e+00
7.036606130773473966e-01 7.788186265084214632e+00
5.454807684647617894e-01 7.948602524476622300e+00
6.675282168875271704e-01 7.743833849263790370e+00
1.628455195636133168e-01 7.935022419512374192e+00
8.571040445441435729e-01 7.794111490548871757e+00
1.501939720583515270e-01 7.951383571278733520e+00
8.384061075795905538e-01 7.759757590016065798e+00
1.175944606169306295e-01 7.947678321539313195e+00
6.693631669645236926e-01 7.770394581128797107e+00
2.142055546519480713e-01 7.951317064225532860e+00
4.355788104812342576e-01 7.771368747032583180e+00
2.966527650234388469e-01 7.951557378152903865e+00
8.415197270663357099e-01 7.768669419385669350e+00
3.893209096799366553e-01 7.953947710728522580e+00
9.989999795972556162e-01 7.777187372205744964e+00
1.060959172056469973e-01 7.935631758777453193e+00
8.011515200925829472e-01 7.781762887188906852e+00
3.358868144280698353e-01 7.954880884668471097e+00
9.989999999999963354e-01 7.699841442783665002e+00
3.006675197767250118e-01 7.947091701204556102e+00
6.277001200878510323e-01 7.762669947632685030e+00
2.591883704114955056e-01 7.935964829835340240e+00
9.989999999999998881e-01 7.753176406406250720e+00
3.466434324929290045e-01 7.951285372896319537e+00
9.989999999999998881e-01 7.756947747884905375e+00
2.473519598963910826e-01 7.957684433134841306e+00
9.110160145327445003e-01 7.751036900244648642e+00
8.331762856287354413e-02 7.946720080128903518e+00
3.815084909744011488e-01 7.759368276723355606e+00
9.951316781721956939e-02 7.948420791453666645e+00
9.989999999999998881e-01 7.741645603555125099e+00
4.128427616628682628e-01 7.945715430472114704e+00
9.989999966576920132e-01 7.757233493656016776e+00
3.266638299856942096e-01 7.962807171114788751e+00
9.657504856072616217e-01 7.770169955081268398e+00
3.187596913633704565e-01 7.954024624290565448e+00
9.801980582366793815e-01 7.766600911770700222e+00
4.728524756062626455e-01 7.957945431690306215e+00
4.675723181550683338e-01 7.756832081520572686e+00
1.953805280795409272e-01 7.946166820937206055e+00
3.254362272422344216e-01 7.761872706774477493e+00
3.370993432446919291e-01 7.951459513947105151e+00
9.989999999907376305e-01 7.760830112045169038e+00
2.631480895786785790e-01 7.961828095768491487e+00
2.996303199614141488e-01 7.740241297668362996e+00
2.448495505331663158e-01 7.959754037195286180e+00
8.593786339851696710e-01 7.773433404835733640e+00
1.350674688111914712e-01 7.944188485281802770e+00
9.989999999999981117e-01 7.765483626252867921e+00
4.271247033470755294e-01 7.957562914596027603e+00
5.941622224459061075e-01 7.752624678135159542e+00
1.780390022211419399e-01 7.958020480864962387e+00
6.101311851078805581e-01 7.748588826401668683e+00
2.551616656115746617e-01 7.962224100972012941e+00
9.989999999779958229e-01 7.725950789463722934e+00
3.195384656142972180e-01 7.965515758957569581e+00
7.743880291535568672e-01 7.753752478746024579e+00
1.753361294100212742e-01 7.937275903325818227e+00
4.067668591920831633e-01 7.779514177813616982e+00
3.856445325955427106e-01 7.943239338094739921e+00
5.411909512950133783e-01 7.754904602895288157e+00
5.672351135552955448e-01 7.954072517096435924e+00
5.319245914468389014e-01 7.751946781799539998e+00
3.261226573634083414e-01 7.964377142133393761e+00
9.989999999050863666e-01 7.769637569715950320e+00
3.287950962046726211e-01 7.948979608096568228e+00
9.989999999999998881e-01 7.766164495306598248e+00
2.358840926865567178e-01 7.949019776667557657e+00
9.989999999999997771e-01 7.754613523359165761e+00
3.096389205643373943e-01 7.937603443886348309e+00
3.734430816100987593e-01 7.765142591078404877e+00
3.451766996806389654e-01 7.955277576760922287e+00
6.491938470542364392e-01 7.761937611146358940e+00
2.272349169595484220e-01 7.944880544642953346e+00
9.989999999889316307e-01 7.739309600490035024e+00
1.822492512435581746e-01 7.957171854881062600e+00
4.804581042442602201e-01 7.752858322474769359e+00
2.508193263787149574e-01 7.959810838587202397e+00
9.989999999999945590e-01 7.744068067148171863e+00
3.903832529473772461e-01 7.952522908064566742e+00
9.989999999999998881e-01 7.744664359545927468e+00
3.026480542066447565e-01 7.958554422015720498e+00
7.432229070296217932e-01 7.773929477539497590e+00
1.058492242186990090e-01 7.948793993048359319e+00
9.989999999995067270e-01 7.759153617554090054e+00
2.516212954170341520e-01 7.962865650769421322e+00
3.946955868848752158e-01 7.745632208978994626e+00
4.902527177429260585e-01 7.960539178896961943e+00
9.632105847443591662e-01 7.753186353013326482e+00
3.643146147880852448e-01 7.951885886856568497e+00
9.989999804975939757e-01 7.771728350191834167e+00
2.625472034356229889e-01 7.950237820473213368e+00
9.989999997463312464e-01 7.749350568110306092e+00
9.890877396886897654e-02 7.943113436816592099e+00
9.989999999999998881e-01 7.777065292996258705e+00
2.101940482399954624e-01 7.949551996441457824e+00
9.989999999862537727e-01 7.770948934326129987e+00
3.548182826029135928e-01 7.944747565470620110e+00
6.092542292540638060e-01 7.738075458324498612e+00
2.278796800204883344e-01 7.946344804796526162e+00
9.989999999999998881e-01 7.749541403538305673e+00
3.470113298089196330e-01 7.942757283902017740e+00
5.740741723727158519e-01 7.749140094776468146e+00
1.834859063823604808e-01 7.952173804565452642e+00
3.700021189378669417e-01 7.769190929586874184e+00
1.750010869911240718e-01 7.943445269536232978e+00
6.118784483877840463e-01 7.762605661228255016e+00
4.190857594741075887e-01 7.951458013340561237e+00
5.398364936526406366e-01 7.741796645610172334e+00
2.008344364728995857e-01 7.955128532203532110e+00
9.989999999999986668e-01 7.744435875894640553e+00
1.779535206617059995e-01 7.959155613246618799e+00
4.345583390282392600e-01 7.751079470625928280e+00
2.167965919696165367e-01 7.958331336601812467e+00
9.973940173739386239e-01 7.746737564587194314e+00
2.692480694668967223e-01 7.956982990919266641e+00
4.846459396331282421e-01 7.765941650853529943e+00
3.917276476925725115e-01 7.962576092917836412e+00
3.096416341964003949e-01 7.779745312454235950e+00
1.566381845287076469e-01 7.955222714732085088e+00
3.301334215106017655e-01 7.747593761976031779e+00
3.202490322161095637e-01 7.959470015760969908e+00
9.989999999960322841e-01 7.756421974524923435e+00
3.445184697149454578e-02 7.945760701251523450e+00
7.915557194838783728e-01 7.772137818039970725e+00
3.228726211138995827e-01 7.957479259066728261e+00
2.581623950292033509e-01 7.735633737297819223e+00
3.480100387567161002e-01 7.944314662745125766e+00
9.555974778946572101e-01 7.767185771005653550e+00
1.278698244563276909e-01 7.945064535952106155e+00
8.174549473961848500e-01 7.745196091601243893e+00
1.837593689833341148e-01 7.946072121395577170e+00
2.406427328269219734e-01 7.751182034387924524e+00
2.993172623940267840e-01 7.966581822961127379e+00
9.989999999999998881e-01 7.770217940095085041e+00
2.749328480001036468e-01 7.939579771842733891e+00
9.989999999999998881e-01 7.744235411288126869e+00
3.564311181958414454e-01 7.961529134399020435e+00
6.384959975607323868e-01 7.754545339343754229e+00
3.311914432600057134e-01 7.947378055101101957e+00
9.989999632359979342e-01 7.764422075757229535e+00
3.037192934388227572e-01 7.960153836878932410e+00
9.989999919041691046e-01 7.736872216871721442e+00
3.216940330684212590e-01 7.950256031164513182e+00
9.989999999999364944e-01 7.753352557361480990e+00
1.788789764320085629e-01 7.945506978093160200e+00
9.831648687998409963e-01 7.778777931673344526e+00
1.973619955784579050e-01 7.943012987428254235e+00
9.989999999998280256e-01 7.793405489509442674e+00
3.819163263194497171e-01 7.957526504762300945e+00
2.999446927031934607e-01 7.761796964086880912e+00
3.429297349867638234e-01 7.948328189606813865e+00
1.917795293472540352e-01 7.728960327325823165e+00
2.936234761159789985e-01 7.941601230810263701e+00
9.989999999999971125e-01 7.764036465348465477e+00
2.295078303777482454e-01 7.953309472520103007e+00
9.989999999999998881e-01 7.777779019290223417e+00
1.826939424063971917e-01 7.946650653121206886e+00
3.816786834091310809e-01 7.756233071080924191e+00
4.438573184138985828e-01 7.947660614911955079e+00
9.989999999999732427e-01 7.760005209773937374e+00
4.537645300330744869e-01 7.945670238418953701e+00
4.466020210906967991e-01 7.740126466780454351e+00
1.683350295856292644e-01 7.942702073506865190e+00
2.961391354710835033e-01 7.738043652841157360e+00
4.439033761697584457e-01 7.952752864066491512e+00
9.989999999999862323e-01 7.729846480765230510e+00
1.856859260357349162e-01 7.935410454295965366e+00
4.324289657715384427e-01 7.764158416141569319e+00
2.081528189584030686e-01 7.952471124611608211e+00
9.841559380329499840e-01 7.786820974719359967e+00
3.266616616350155877e-01 7.948216638367596509e+00
5.843881595103520565e-01 7.771061860616298667e+00
3.917374154654299501e-01 7.948240433422533613e+00
8.858878116508682732e-01 7.748450421199368776e+00
1.583017807218791428e-01 7.944842989697406210e+00
7.190739858461145939e-01 7.752164162449417084e+00
2.170026874373016390e-01 7.953436708237589414e+00
1.960371123307085295e-01 7.705975535104549579e+00
1.809903232468091649e-01 7.944475079971924814e+00
2.141257622281804718e-01 7.742458778274252218e+00
1.762042474087918975e-01 7.950517258383265506e+00
3.637613195382570219e-01 7.742725665228284093e+00
4.583243540416476747e-01 7.967088204490799797e+00
9.989999999999998881e-01 7.764348879926945557e+00
2.354010529067490642e-01 7.963426354284645292e+00
5.477220873361632325e-01 7.779222378488892531e+00
6.905423192951640199e-02 7.953833521376420634e+00
9.989999994994823718e-01 7.757417298596246624e+00
5.442050208142097389e-01 7.961196235417192568e+00
4.730941762939602779e-01 7.739085741035554911e+00
2.744866480636142247e-01 7.961185565446457169e+00
2.726508878252171253e-01 7.724368777166203515e+00
2.747905104085376360e-01 7.962618293316072737e+00
3.684726022403303491e-01 7.744619426851603983e+00
1.196003584275683596e-01 7.951378814042438847e+00
6.778102818813460662e-01 7.783518737138599874e+00
1.194692619710911591e-01 7.954313556413510788e+00
9.989999999957257515e-01 7.750681827659264833e+00
2.920263610829667011e-01 7.950892801926003450e+00
6.970815626541191357e-01 7.774544974754777016e+00
5.166650639034948700e-01 7.962532710984659090e+00
7.350005072773972969e-01 7.763643249193022733e+00
3.713170795560410964e-01 7.943285957929504981e+00
7.981038685711883129e-01 7.761108573342022865e+00
2.184740011896541545e-01 7.939790218664526833e+00
6.048319286952125173e-01 7.739834200749172055e+00
3.026669814051054508e-01 7.954327262576105007e+00
7.013087803076534232e-01 7.757437700094375721e+00
1.889506958396602598e-01 7.950387587170484771e+00
8.546811611825642085e-01 7.765582812975321936e+00
3.058011623873818086e-01 7.945781159697460794e+00
9.989999999998709912e-01 7.768261183816547621e+00
3.164142374367076571e-01 7.958899495857124862e+00
5.353566336389733449e-01 7.730948508394872576e+00
2.601639640159615352e-01 7.960290135110443366e+00
8.902142947824358554e-01 7.768063053721469657e+00
3.882831462899093422e-01 7.938531039840981407e+00
2.367869316370859734e-01 7.753554703611873933e+00
4.232334187281268090e-01 7.967501730033824003e+00
9.989999999999998881e-01 7.743710006144381985e+00
2.265626907012702196e-01 7.952071657017791395e+00
9.989999999853417245e-01 7.751781661979447513e+00
1.842790933531230357e-01 7.948685364436399503e+00
9.119995872197731446e-01 7.781139665388023374e+00
6.074808357823686666e-01 7.960041412104834180e+00
5.658997403486921707e-01 7.746149385679535371e+00
3.388315454052771569e-01 7.949355072277283440e+00
9.989999999998612212e-01 7.768817435215031431e+00
3.212689200151247482e-01 7.942460076868949059e+00
9.989999999999998881e-01 7.767458247605272703e+00
2.516412058924838990e-01 7.948414563662636212e+00
6.587014534495257978e-01 7.744497667674181685e+00
2.602052318940683007e-01 7.947107315620757007e+00
3.129551472800135570e-01 7.758367257897099911e+00
2.743928973954495310e-01 7.954099250016903433e+00
6.646988762054144573e-01 7.747546288136391013e+00
2.364442622848643705e-01 7.939296408817998696e+00
6.515353826582604979e-01 7.729222079619888497e+00
2.729985796534281084e-01 7.964557017022936058e+00
2.709785350350517596e-01 7.721720103429338344e+00
2.744355957529593937e-01 7.953142842369077314e+00
9.989999973781241716e-01 7.762232582061364461e+00
2.858427941792152094e-01 7.940058159513087688e+00
9.989999999999998881e-01 7.710228321300104604e+00
3.126843901091421740e-01 7.960665688612102997e+00
9.989999999999998881e-01 7.756552432040391132e+00
3.883976052913160615e-01 7.952444195452520681e+00
5.074816658070558928e-01 7.732312271061967834e+00
3.611219794530537430e-01 7.962420941007229302e+00
9.989999999999998881e-01 7.784905486433896016e+00
3.715636862489784531e-01 7.962239613375939662e+00
3.297828700624721443e-01 7.739998271734605417e+00
3.221860457157343927e-01 7.960732816074230556e+00
1.992640693573515809e-01 7.740806135067230365e+00
1.254974123544668474e-01 7.930168682912902334e+00
9.989999498675481426e-01 7.788824844209347731e+00
1.125152906327501340e-01 7.938853311242984212e+00
7.227029222482125315e-01 7.757240705958931670e+00
2.144511249575518086e-01 7.942519877827360020e+00
9.653439969206095705e-01 7.782800635566013980e+00
8.865915183977431113e-02 7.927269042700873847e+00
7.747868412426672791e-01 7.777486895390915755e+00
1.412942998411974849e-01 7.945332051551901031e+00
8.167157758747884966e-01 7.729769741436753883e+00
1.582760860927657498e-01 7.958492506935724187e+00
9.989999661277143561e-01 7.753242779126767736e+00
1.755946862304449685e-01 7.959465914940191844e+00
9.989999999976577616e-01 7.765384226666096623e+00
2.939770443376275022e-01 7.956244778790635408e+00
5.374076902613568185e-01 7.770194344239616413e+00
2.050616077386093750e-01 7.944742732750312619e+00
4.268731305435681245e-01 7.742079961527868370e+00
1.352066087498687008e-01 7.952658493993727262e+00
7.189745127189525187e-01 7.746817970560492483e+00
6.441186707047659443e-02 7.947547090148282756e+00
9.989999944253108444e-01 7.766435755069895031e+00
4.175107265831390913e-01 7.953969069826518634e+00
6.406322324783754185e-01 7.746508924000296226e+00
2.352420521465873604e-01 7.945753564529141499e+00
4.510245720731358987e-01 7.726811773598638133e+00
2.286240484471378440e-02 7.940862207173613463e+00
9.989999999999998881e-01 7.781287251334800814e+00
2.716732125738154369e-01 7.952239649573778379e+00
3.563697434845727874e-01 7.766213886489735430e+00
2.089731062944075735e-01 7.950084344266574732e+00
7.033489807618382716e-01 7.724048511459532307e+00
4.233298243538638483e-01 7.952286530908771134e+00
6.730438748405732641e-01 7.753411042092510641e+00
2.181472443129262029e-01 7.940535593717937601e+00
9.989999999999996660e-01 7.759801678261308844e+00
4.227589349451994494e-01 7.949316764990614459e+00
9.062628517944227857e-01 7.772029187913093828e+00
2.227291226175476535e-01 7.953826087155239755e+00
5.343355496855746178e-01 7.743514935753386119e+00
2.548971462728025772e-01 7.945353114103478553e+00
9.989999999999998881e-01 7.744555224775887758e+00
2.913597577158275609e-01 7.950117414588755871e+00
2.414421626473709503e-01 7.732829228068871075e+00
1.937406040834898369e-01 7.954263496118598731e+00
9.989999999999998881e-01 7.736870837344685725e+00
2.539776354286649163e-01 7.935985092517165107e+00
9.989999999999998881e-01 7.769299746823645769e+00
3.330576284958594591e-01 7.965903083974362531e+00
9.989999999989109813e-01 7.724745753722285890e+00
4.810265678290449043e-01 7.963931895251725734e+00
3.305602598872997566e-01 7.754908552922646692e+00
2.223223485752323370e-01 7.941630871768961875e+00
7.057594665996851369e-01 7.772219016387460933e+00
2.942391875873639484e-01 7.938542453575877289e+00
3.493044421376146902e-01 7.732075237266225365e+00
2.757750449620067767e-01 7.937388897822232892e+00
8.289614393481588017e-01 7.770134239402086251e+00
1.568829867106458220e-01 7.944784482903303413e+00
9.989999999999890079e-01 7.760388011809896902e+00
2.366362180694056849e-01 7.944354370937716681e+00
2.938969048771629677e-01 7.750453682746492490e+00
2.448072652196022769e-01 7.942635928584246052e+00
7.332471425257637287e-01 7.743327602366467666e+00
5.508696631363971807e-01 7.961337791741939895e+00
9.989999999988984358e-01 7.706761452895927178e+00
3.245984539273921721e-01 7.958891152820203096e+00
9.989999999999998881e-01 7.769113287381784971e+00
3.157225749610253485e-01 7.950192272987089304e+00
9.989999999999994440e-01 7.792155334467835814e+00
3.144336184621278618e-01 7.950269995950111301e+00
3.743067910665272557e-01 7.770692645833268131e+00
9.721372516925057272e-02 7.958441884099811681e+00
9.989999999786168816e-01 7.769905100059631309e+00
2.427636178635246000e-01 7.961760703935085282e+00
5.020250941008694845e-01 7.724210509949442915e+00
2.117076306805664720e-01 7.947144584109430809e+00
4.380427654983177210e-01 7.763028480007985621e+00
2.545076625909595824e-01 7.948550410235409203e+00
9.534465519642756348e-01 7.741860819294648977e+00
3.583571694428190346e-01 7.950289419367574162e+00
5.744103562786638806e-01 7.740517505886458594e+00
1.555338308529163327e-01 7.948883717149110240e+00
9.989999991763318654e-01 7.769608813203659814e+00
5.952005562955123980e-02 7.938284954880582944e+00
4.533568584837444071e-01 7.764156360612756380e+00
3.593969400568359784e-01 7.952773216332675865e+00
9.975153226419665176e-01 7.774996647361091640e+00
3.884577901530372745e-01 7.966176693179675361e+00
4.180734327734733080e-01 7.751960534271690406e+00
4.255886846415711799e-01 7.955397060821051802e+00
4.324724034568657727e-01 7.742926322166224118e+00
2.409245397055924387e-01 7.959143669850054614e+00
6.694735924267423144e-01 7.771216602858229017e+00
3.476065175446812483e-01 7.945772375569218227e+00
5.994864979850542674e-01 7.764651831813289995e+00
4.572647873093599880e-01 7.949538930467126008e+00
9.989999999999219504e-01 7.749893385673140678e+00
3.824817728187320243e-01 7.949938271943267409e+00
6.950060372303884515e-01 7.759605146707202472e+00
2.120018419901888718e-01 7.950795820872937902e+00
3.192565849927107569e-01 7.723325588668682684e+00
2.851469037707222154e-01 7.950735423957024928e+00
9.989999999408389897e-01 7.776165635979738866e+00
2.075296996881041967e-01 7.952823324528246474e+00
9.989999999908412143e-01 7.760217398054330751e+00
3.520052466069951147e-01 7.945577079055834879e+00
4.833325442133994954e-01 7.754127800120286018e+00
3.402555661784581464e-01 7.951221327526414306e+00
9.989999835039520271e-01 7.708833188107371726e+00
3.984227831006137421e-01 7.959066099163440988e+00
4.135288090034988651e-01 7.755009058891963569e+00
1.586323282119191658e-01 7.956681802882977550e+00
5.565997309935608595e-01 7.757365082553291380e+00
3.935020189167617310e-01 7.953396046930251373e+00
6.007808615497666205e-01 7.745786914566939352e+00
4.746349163149851114e-01 7.962898946294067137e+00
5.944826192234436979e-01 7.745109775306374900e+00
3.460913188542347751e-01 7.956276071336639610e+00
9.989999999930950780e-01 7.741460794302013504e+00
1.724584077542758720e-01 7.939196885717673347e+00
9.989999999999988889e-01 7.754146335002563895e+00
9.444848499361356564e-02 7.949165174785637333e+00
5.412835893441662050e-01 7.785992892415391609e+00
3.244278028580040996e-01 7.942942034445370503e+00
6.455156469827563193e-01 7.757721480220379995e+00
1.558286711876726016e-01 7.937663681465934040e+00
9.989999999999998881e-01 7.741295941876657594e+00
1.526987417765510446e-01 7.948259923520565984e+00
5.431261598623167153e-01 7.736536499676696543e+00
2.122170488715169612e-01 7.950370523910695653e+00
9.989999998545651128e-01 7.738910043734377631e+00
2.066063625804548665e-01 7.957941272814481160e+00
4.029661162978802613e-01 7.779011416434681081e+00
1.936566845005757986e-01 7.957093667370461532e+00
5.591301547175624442e-01 7.759961758707160762e+00
1.549454201004636655e-01 7.943100272787313010e+00
7.006566795140410919e-01 7.758454485791715705e+00
1.259635755805426360e-01 7.955443445621332543e+00
9.989999999999903402e-01 7.742084661383865196e+00
1.058474764108567612e-01 7.949347433194809298e+00
9.989999999999998881e-01 7.740280939686386752e+00
3.088823902154131940e-01 7.949213309148892570e+00
9.989999999999998881e-01 7.761558438222546208e+00
2.507312491084583428e-01 7.953178465534254116e+00
5.372464010509435672e-01 7.775627580525291016e+00
2.631912870467070231e-01 7.935803832757041043e+00
5.522240204091524163e-01 7.777579300059434431e+00
2.952563121186635997e-01 7.962330964231982833e+00
4.196423187051604442e-01 7.730945349494956709e+00
2.631940112421008449e-01 7.946228862894344047e+00
9.989999999997986047e-01 7.772001389277148675e+00
2.623916158734111992e-01 7.960157318822764339e+00
5.825323582098365094e-01 7.749859830248799319e+00
2.976191543575604781e-01 7.957510619456032330e+00
9.989999999999636948e-01 7.751334795633844088e+00
3.371873778122277260e-02 7.943502413030441467e+00
6.769636649177894760e-01 7.755614476157915327e+00
3.471683439462183163e-01 7.959968504935201139e+00
9.067687734802815092e-01 7.743046211681339663e+00
3.951941183476955777e-01 7.946597340542183474e+00
9.989999999999948921e-01 7.754183496682236054e+00
4.700350081287585913e-01 7.963639460156388239e+00
9.989999999996636015e-01 7.752032901204021442e+00
3.544724749921460694e-01 7.953649482702136453e+00
9.989999999999998881e-01 7.728446993292050315e+00
5.271802012281270322e-01 7.963070538652056385e+00
4.467479616000803455e-01 7.771277169198904211e+00
3.653208126048225202e-01 7.942608820227373023e+00
9.558351460120720899e-01 7.769191506750545706e+00
5.205626038704086467e-01 7.970859644437336300e+00
4.648077190325080599e-01 7.746806239422876494e+00
2.103669576055605950e-01 7.950489306847162929e+00
8.769477055024855749e-01 7.788701302034095164e+00
3.772024662919800098e-01 7.959090620444411179e+00
5.529138031308673540e-01 7.748259306380299805e+00
4.790239902063648247e-01 7.951000788534740238e+00
9.989999233347303109e-01 7.769837709920865088e+00
3.260253938302625221e-01 7.957027056621950756e+00
9.989999999999994440e-01 7.745050360138515444e+00
4.264548022488377083e-02 7.933098170910485969e+00
9.547999221398009162e-01 7.785087486926077105e+00
4.013126410272600531e-01 7.943382834121634595e+00
3.372726677774353088e-01 7.754632869632972714e+00
4.928673123836365688e-01 7.965826127839776838e+00
3.345207599726588432e-01 7.737392235451857836e+00
2.765640182259920254e-01 7.952029323086703627e+00
9.989999999999998881e-01 7.752473354569241693e+00
2.844329375617939415e-01 7.961542657230885389e+00
7.171607868528425689e-01 7.794159258022935077e+00
3.297853514967302724e-01 7.951046134578890978e+00
9.989999999997674074e-01 7.766998360813921920e+00
2.138539654196038864e-01 7.944139640527477120e+00
9.989999999999998881e-01 7.760411829282924501e+00
2.643119727065587066e-01 7.952709668285594447e+00
9.525866652940147006e-01 7.757837021723301696e+00
1.783137087872480042e-01 7.945299392335472888e+00
9.989999999999998881e-01 7.733830614548326210e+00
1.987529224043760867e-01 7.956675898356849075e+00
8.833208751156431671e-01 7.749791358599081192e+00
4.051910365883538701e-01 7.950307697099799675e+00
9.989999999999998881e-01 7.766993693563810197e+00
3.131728950227659625e-01 7.946535176690519009e+00
9.989999889625300611e-01 7.753648034194903893e+00
3.592074655198525535e-01 7.952157999148171008e+00
4.394603361097392247e-01 7.767364881003609334e+00
2.688355128144357398e-01 7.947073580537196591e+00
9.549293300283605568e-01 7.761282573770974302e+00
3.819386666362532545e-01 7.938543807211523529e+00
8.954777990017044331e-01 7.778465098406237566e+00
2.063551319054884314e-01 7.944422430239157507e+00
9.989997352490159743e-01 7.699758383220819624e+00
2.367265802159821408e-01 7.938217134175029166e+00
2.477420660644146233e-01 7.718609298305994848e+00
4.699139830640325921e-01 7.956105361094454764e+00
4.680457426023304501e-01 7.748746178949209806e+00
3.554699388371572732e-01 7.961214571599526835e+00
2.726760889861757908e-01 7.749759212634676153e+00
2.082375286192628683e-01 7.938186810329106002e+00
5.931392243607974679e-01 7.736225342858922716e+00
2.646777728845901012e-01 7.944448275718067443e+00
1.724279486963154195e-01 7.740506316830288114e+00
4.125967331311440889e-01 7.957077320159625877e+00
9.989999999999998881e-01 7.749401469630585737e+00
4.062421358148537998e-01 7.947131031852644689e+00
6.758091034408821862e-01 7.754780620817672165e+00
2.753846714597997791e-01 7.962704881686455849e+00
5.849833793174539220e-01 7.776916911599005999e+00
7.090747261995784811e-02 7.935612825452223795e+00
4.585489104841443675e-01 7.785756419885523805e+00
2.546320525548633751e-01 7.949991099167054820e+00
7.276851091025023921e-01 7.761207171908102609e+00
2.913014589544389299e-01 7.945578477472100332e+00
4.557753752428005956e-01 7.770272584189862108e+00
2.712500625413925559e-01 7.947559928515483207e+00
1.479713750109463155e-01 7.754856591396105614e+00
1.240868792831731904e-01 7.941112482840352982e+00
8.528043392674260481e-01 7.759861877008237485e+00
2.158888671989698249e-01 7.943341651559926220e+00
9.008696259684885188e-01 7.769533346332833545e+00
3.361105387939314348e-01 7.942981400813481585e+00
9.401025121087974723e-01 7.771493270503873063e+00
3.472434994624746807e-01 7.954070472519082280e+00
9.989999999999998881e-01 7.732939318277804119e+00
3.993653667824431097e-01 7.945996134645197273e+00
9.989999999981601375e-01 7.732446930695829224e+00
7.651758736042186225e-03 7.934768207717957544e+00
3.198950386186454886e-01 7.735702049423962556e+00
1.372890325768324482e-01 7.950945724576134133e+00
9.989999999999998881e-01 7.758935363180414768e+00
2.931621718263356935e-01 7.947173159821969257e+00
9.989999998002051518e-01 7.771381153943854869e+00
3.094571121134293001e-01 7.962306944776886830e+00
7.779169516033754839e-01 7.773112522721745243e+00
4.157388662226522702e-01 7.938446746287326050e+00
9.989999999999997771e-01 7.763664854197362075e+00
6.782012709950283047e-02 7.936062917672641603e+00
9.989999999979923828e-01 7.762022421760159219e+00
2.905722185013811520e-01 7.949311010737544869e+00
5.657931154872629653e-01 7.774004920717317191e+00
3.432704131427757877e-01 7.947653969389468998e+00
9.989999483764591126e-01 7.744220864111437841e+00
2.535448852283267995e-01 7.956869961473834962e+00
3.216652996767737638e-01 7.755960708132457526e+00
3.349981958528028825e-01 7.955829711430403961e+00
9.320145051838818473e-01 7.735422199390480813e+00
2.932930518007058618e-01 7.940248470383989066e+00
9.989999999999998881e-01 7.762460289908539757e+00
6.902686084681303180e-02 7.942169055287418900e+00
9.989999999999994440e-01 7.765274585293297172e+00
4.583114035136101605e-01 7.950919431551275451e+00
9.989999999995913260e-01 7.759423596821071634e+00
3.125176470177064569e-01 7.967221435214916880e+00
2.941811501057601808e-01 7.739082977804962127e+00
4.269164235888552872e-01 7.942708605487109885e+00
4.227069518349582666e-01 7.731864470975963854e+00
4.570888875377950300e-01 7.957725358006038974e+00
7.675065735577728532e-01 7.783515529570258273e+00
5.228000269737992367e-01 7.974010899208039405e+00
2.473114595657146253e-01 7.754514074355707720e+00
3.440809631161508286e-01 7.941275408672043845e+00
9.989999999239733697e-01 7.755338131904969678e+00
6.569600064929317917e-02 7.939250344570147000e+00
9.989929022893859756e-01 7.786760953391516082e+00
1.781299820645092791e-01 7.936584213409277666e+00
6.376926819811004066e-01 7.743566351373088352e+00
3.235909566813531812e-01 7.941689854462556930e+00
3.650171398913650833e-01 7.753888807513891201e+00
1.323797872936497422e-01 7.934358094760600721e+00
9.989999649899133916e-01 7.709670398240406897e+00
2.783629800075149707e-01 7.941256044456426189e+00
8.657740348526101748e-01 7.745466062153064435e+00
1.780624055436416386e-01 7.948254627592172383e+00
1.694551553785820508e-01 7.756007558637240784e+00
1.536305775745490931e-01 7.923132730572377547e+00
5.092910570248033730e-01 7.771339019879291321e+00
3.218053255200648555e-01 7.933966072156956706e+00
8.743668897019768460e-01 7.774551803386321680e+00
4.446484548112889512e-01 7.958885804422400234e+00
2.315127845955061436e-01 7.724089442770653235e+00
2.011285167620487091e-01 7.939055078586148895e+00
5.965307847492263837e-01 7.770227611742909879e+00
2.815412469001161710e-01 7.939646213574358846e+00
7.018650653729804345e-01 7.755523773061391957e+00
2.242777626877731634e-01 7.953237548112137567e+00
4.434119496065153099e-01 7.722023937234913760e+00
3.348544216176496668e-01 7.952945963821156816e+00
4.001393195016877402e-01 7.748368535501675147e+00
2.612293093382173081e-01 7.942666509147886522e+00
3.260337132548447037e-01 7.734217661265268440e+00
2.887223691045877061e-01 7.940887184039212343e+00
6.139655253351136155e-01 7.749353969605179415e+00
5.061512953852279617e-01 7.946610982186222749e+00
6.009843451323965136e-01 7.775260526412555606e+00
3.261245529264470977e-01 7.943101355694057730e+00
9.989999999999993330e-01 7.751360032001728406e+00
5.387030177835171463e-01 7.941931289021991525e+00
6.980550338990226811e-01 7.759012971072190012e+00
4.612364075458718626e-01 7.968502975439798242e+00
4.684915061450447560e-01 7.766702495323595024e+00
3.455505098822401755e-01 7.957856929010931779e+00
9.989999999999998881e-01 7.751366286305914954e+00
1.737001897503880343e-01 7.948699103036926061e+00
3.944389801498782711e-01 7.729551482273929075e+00
2.865579281519688992e-01 7.959259629583450568e+00
9.989999999999998881e-01 7.766212220980708736e+00
2.127177501240831159e-01 7.949400240721996802e+00
9.989999683061662195e-01 7.761645668705090095e+00
2.681244811502356828e-01 7.946577561736845041e+00
7.327824853604449906e-01 7.732153122107249921e+00
1.885325050510135436e-01 7.946265359847124898e+00
9.989999999999998881e-01 7.784628935899935875e+00
3.991626307043247834e-01 7.953909238366367873e+00
6.504671827187366029e-01 7.753768986988312406e+00
3.232244934846814077e-01 7.956051480384664920e+00
8.126468189736493208e-01 7.780980933070997807e+00
5.413315627780151962e-01 7.966876848575398462e+00
9.989999999999998881e-01 7.736702626535621796e+00
2.426257144009918432e-01 7.946697602972472296e+00
6.414521346149781866e-01 7.755842973553966679e+00
3.177137133732512719e-01 7.948286116408418422e+00
6.961618376511474748e-01 7.779453906845784417e+00
1.568047415255247323e-01 7.941640324235997639e+00
9.989999999999998881e-01 7.770249998209547648e+00
2.683330525039974157e-01 7.949701478151089518e+00
9.989999999999998881e-01 7.746624998943246077e+00
1.508801611079745864e-01 7.935822421907317015e+00
7.098027878875424745e-01 7.758451423688145887e+00
2.101631559538488514e-01 7.952346867085297255e+00
5.207313082166925566e-01 7.785958684369425065e+00
2.070410432028939318e-01 7.951713341304248672e+00
5.442377175510818565e-01 7.748745916543692047e+00
4.877374034222654031e-01 7.969663246914166166e+00
9.360749811707526069e-01 7.744196442547998771e+00
2.481363556337833620e-01 7.957870644299315011e+00
1.384663391474813821e-01 7.746478285562814925e+00
3.436940155128081487e-01 7.946361505473220177e+00
9.989999999999998881e-01 7.768569986612003930e+00
2.268939166552267628e-01 7.951330812741230325e+00
2.841673930664626591e-01 7.749030526093816817e+00
3.046801721152668230e-01 7.943288052593024062e+00
3.130761117145569594e-01 7.762890713879976978e+00
8.468371102837385367e-02 7.941512884124596994e+00
3.979611628539390655e-01 7.769276239056378763e+00
2.625568188772321454e-01 7.944142561508974687e+00
9.989999999999998881e-01 7.755459194197385386e+00
2.440389120116119304e-01 7.949091424271420792e+00
4.688510957450919281e-01 7.759903430576974515e+00
2.139665913062513136e-01 7.926843506594654976e+00
1.773286855815239815e-01 7.725495926600645547e+00
2.373301407788944439e-01 7.943192448685329587e+00
9.482386243555731564e-01 7.763641458242880766e+00
2.376958737782075837e-01 7.948315599374001117e+00
3.018652293356277050e-01 7.768645450046554046e+00
1.198092347821928250e-01 7.933361437247700820e+00
9.989999999989754853e-01 7.767172717470738341e+00
1.997712917973481217e-01 7.957289799996406288e+00
9.263857574239713344e-01 7.783170994648862973e+00
1.830145971802161764e-01 7.940140344792856020e+00
9.989999999995374802e-01 7.801851104176471097e+00
3.952096091035884329e-01 7.958067152277585876e+00
9.989999999999998881e-01 7.768316644905268298e+00
2.390574177581373805e-01 7.966016199565718381e+00
6.519574037275378542e-01 7.754376911542829376e+00
2.685473590451362136e-01 7.950293005346949826e+00
9.989999994942007078e-01 7.772528030819181311e+00
4.474491187170790418e-01 7.956402479061884137e+00
9.989999999999998881e-01 7.782388047151505006e+00
2.895538566270976499e-01 7.950642098016714066e+00
3.508365699944016036e-01 7.762349574883447012e+00
2.672612782207562376e-01 7.961272045869935532e+00
7.822604022655941236e-01 7.741776895509636880e+00
9.960767606382736616e-02 7.938731483211256545e+00
6.061402414219611012e-01 7.767788476338950865e+00
3.207156380027102460e-01 7.961811606134869379e+00
9.989999999999975566e-01 7.776917981217987830e+00
3.817402708830396896e-01 7.939291530927857110e+00
2.491650706555864903e-01 7.730185447255906617e+00
1.096917987764877422e-01 7.932726251399042638e+00
6.954805762865048369e-01 7.760708952169927954e+00
1.597468559024400325e-01 7.950751110411365730e+00
4.154380661245132833e-01 7.740378934228789198e+00
2.569134953273304323e-01 7.946208518455291525e+00
2.608665501991249136e-01 7.733212578163413120e+00
2.246114353965795729e-01 7.960840530378204605e+00
9.989999999999995550e-01 7.768346842815422093e+00
2.919068142193532167e-01 7.959452498009432553e+00
4.893104671765180491e-01 7.714803154939875007e+00
1.855808554291898393e-01 7.935464093521269469e+00
9.989999999995975433e-01 7.793815502297609221e+00
2.893770106544131804e-01 7.937588310292797544e+00
7.125417816834610507e-01 7.784420751052125276e+00
2.846589243378220280e-01 7.934846416418234405e+00
6.947690054037517493e-01 7.743587882132733746e+00
3.315732929424864417e-01 7.969089675540170781e+00
9.989999615993934157e-01 7.746865445668994710e+00
4.068734717248074367e-02 7.931138454639039104e+00
2.653961346609471916e-01 7.750721229897002296e+00
3.430457631363870163e-01 7.954184595223368071e+00
2.548893170972723124e-02 7.692769057064889004e+00
3.780141263939113538e-01 7.945982293299134191e+00
9.989999999999610303e-01 7.766511569090458700e+00
1.471194990131951541e-01 7.942032055694842718e+00
2.998074203547992367e-01 7.744962578027545952e+00
2.683684793060717722e-01 7.946246836768679600e+00
9.989999742977514474e-01 7.767933530628455152e+00
4.185526972114448907e-01 7.946417122822921897e+00
9.881451623411311447e-01 7.782889193136098172e+00
2.444957186542953687e-01 7.965371691921213859e+00
9.989999510871077071e-01 7.761839786294241428e+00
3.480444098512384676e-01 7.944156610991803369e+00
7.300611489228373552e-01 7.762371219665443967e+00
4.229666067350826841e-01 7.937683133894227971e+00
3.767761578645698051e-01 7.722647417096638378e+00
1.187334418262142449e-01 7.936791787939298182e+00
5.159204827129448834e-01 7.727286650766997944e+00
9.484179472998435778e-02 7.943790162965156831e+00
7.640999978851662489e-01 7.753325167212622659e+00
2.783124441366648383e-01 7.951303112719704025e+00
9.989999997416837418e-01 7.777278804114525101e+00
1.645903180303667779e-01 7.945711678470653183e+00
9.989999999999998881e-01 7.781670107955689808e+00
2.182289182965973795e-01 7.938434494087199589e+00
9.989999999999998881e-01 7.759303197899313886e+00
2.446884169197847125e-01 7.947143638898978679e+00
3.464309860955274156e-01 7.754018097710321911e+00
4.447147910363393741e-01 7.964187773594275654e+00
1.340198129643064839e-01 7.720191055987269735e+00
2.627179431407538623e-01 7.948483631190295107e+00
9.989999999999998881e-01 7.763673921823212254e+00
9.881474662633948913e-02 7.951140000054701673e+00
9.989999780026094234e-01 7.776744124945633274e+00
2.481788436364890382e-01 7.949027636877266545e+00
1.439087053729400656e-01 7.707001552781971299e+00
1.786586316440567923e-01 7.943324723286860234e+00
8.901560217307284972e-01 7.776356442374589228e+00
4.119845498200119249e-01 7.942253475355642856e+00
7.589597652548351059e-01 7.779593057122530908e+00
3.987213711440434349e-01 7.951562979620979021e+00
9.989999999926184593e-01 7.744498051151077256e+00
3.225698324535665740e-01 7.951467578508707668e+00
7.707173219988187052e-01 7.775674557145021204e+00
1.646198511187718094e-01 7.929583936390263155e+00
7.829797530564095442e-01 7.771048414666246629e+00
3.201253627143875735e-01 7.951189656119810323e+00
1.454795440764710401e-01 7.736711103103693254e+00
4.244059391482115501e-02 7.937534640021850052e+00
9.989999999804561881e-01 7.773452696693845532e+00
1.180053245997774586e-01 7.926243667495138645e+00
9.989999578360345689e-01 7.750621758134459860e+00
3.533455563521614717e-01 7.956398822156860007e+00
6.337836025338386969e-01 7.751650002753706303e+00
3.863872133430166222e-01 7.964009216564298832e+00
2.917221240696601381e-01 7.719448662697394603e+00
2.305833267658268237e-01 7.947583521372534321e+00
2.766672784804936613e-01 7.737786609544783367e+00
3.913766954387835062e-01 7.956772925821677944e+00
8.129613125601176105e-01 7.799310285392577313e+00
8.914244981124520850e-02 7.926555730478835216e+00
1.310064612668400963e-01 7.757330736186716535e+00
4.323732827289445413e-01 7.955308776661335735e+00
9.989999999999763514e-01 7.762539187848513045e+00
2.718572828285073517e-01 7.932412521251526627e+00
2.976852924320699256e-01 7.747203776021411414e+00
3.361593759969828676e-01 7.938976238725329537e+00
4.094274189161977162e-01 7.753738154009474748e+00
3.611463091282333671e-01 7.949288435851196155e+00
1.811891846465013001e-01 7.746957439994161199e+00
1.744731335580897158e-01 7.936939565344160563e+00
7.279910987407939293e-01 7.759504573299725649e+00
4.126244055378400777e-01 7.938353560379734830e+00
9.989999999999998881e-01 7.740475497702790086e+00
2.112319172205713580e-01 7.946195548522017482e+00
5.076733412516001298e-01 7.736057635006145183e+00
3.774761248727491192e-01 7.948406207758933917e+00
9.989999999999957803e-01 7.774749236104547379e+00
4.233305936045870799e-01 7.941910664233264860e+00
5.416014846465954102e-01 7.759952232283007234e+00
3.599983671204849411e-01 7.946890945045376853e+00
7.606105551518141938e-01 7.764537469917779156e+00
3.053300865277573384e-01 7.954683973595556346e+00
9.989999790303724092e-01 7.757470378633077424e+00
2.866093163049064363e-01 7.958672919293195314e+00
2.069089868790546238e-01 7.748664390359218501e+00
3.077906798657339960e-01 7.958083091042047919e+00
9.989999999999998881e-01 7.787717148590112437e+00
2.863023394118900944e-01 7.949140355615287312e+00
1.511510621701595003e-01 7.739279105730631159e+00
1.683470891671415282e-01 7.946860057740307681e+00
4.970401810951028954e-01 7.722200780397021624e+00
2.103494222808841296e-01 7.953534368313056824e+00
6.237759984424589010e-01 7.726531095394466142e+00
2.875601284570148963e-01 7.937761532702149125e+00
9.989999999961123311e-01 7.764709323985821143e+00
2.654306393076216186e-01 7.951923703797549869e+00
9.110420130447369758e-01 7.783131129585666663e+00
3.944182575810084024e-01 7.940630760858709891e+00
9.989999999999991109e-01 7.726068147147087117e+00
4.407156525013390391e-01 7.958651577641012054e+00
8.617781344677371003e-01 7.755975201171324329e+00
1.604893439399282529e-01 7.936708059651242486e+00
3.781082067261379853e-01 7.769078703087491711e+00
3.599054757393020942e-01 7.953479622888116829e+00
6.708215062314812904e-01 7.761762174969351058e+00
2.827432288360434143e-01 7.951742103928864935e+00
9.989999999999984448e-01 7.722003234740451028e+00
2.715029088844112537e-01 7.950060932510952583e+00
6.109090550780923445e-01 7.773430690588583936e+00
2.052288207137750731e-01 7.965570609293155968e+00
5.442253053010185360e-01 7.735033514874354310e+00
3.443165919078636783e-01 7.954855924371496911e+00
9.989997816738471759e-01 7.729912498431706247e+00
4.192702900285074086e-01 7.959305795889378921e+00
3.813117970695120706e-01 7.767035173262217818e+00
1.742172144573943260e-01 7.958065790996450062e+00
9.989999999999998881e-01 7.781512809387277407e+00
1.303057180022796913e-01 7.947347888117702652e+00
4.899164692094333806e-01 7.753366333178767889e+00
4.073473029149227154e-01 7.969042692384894266e+00
3.700213056201199779e-01 7.764773177228676992e+00
1.538824522095305070e-01 7.941887400474554326e+00
9.989999999825672772e-01 7.765029310167922638e+00
4.791670823844390026e-01 7.947100223819971276e+00
7.498912802004165101e-01 7.775669147625797528e+00
1.204817589662696420e-01 7.930296854641491144e+00
9.989999999999344960e-01 7.779705450059656080e+00
3.978812231392613308e-01 7.955175125091522581e+00
4.079821311180584220e-01 7.759156258539654516e+00
1.756621411412312705e-01 7.965899571561160464e+00
6.428389221457826430e-01 7.731739284279111502e+00
5.918065832740585508e-01 7.956324697659852951e+00
7.219613494980262614e-01 7.711985532697111623e+00
2.910278205251480288e-01 7.937551456595956623e+00
2.785399737657021091e-01 7.715849842129107294e+00
1.025305708478283645e-01 7.942918143952833354e+00
6.017151521444374929e-01 7.747457657882567794e+00
2.309669623183960296e-01 7.954727029483103173e+00
3.743872158170095665e-01 7.743955095490686169e+00
4.181808853063015419e-01 7.947279507699633427e+00
9.795711796285068163e-01 7.787670942538410301e+00
3.640722783618495773e-01 7.946527802025117992e+00
9.989999893860426194e-01 7.738795810398491959e+00
3.467207646258316789e-01 7.959828354693660124e+00
3.971415280329728681e-01 7.751947569019900008e+00
2.598126921016455371e-01 7.936691410574074901e+00
7.037122482713293881e-01 7.781949266219348793e+00
4.554264399237657746e-02 7.942613890697351131e+00
9.554072638098156656e-01 7.717333787625476837e+00
1.505011550743715343e-01 7.967268490400254422e+00
1.725303742281182329e-01 7.750199354215538960e+00
1.860960315159354561e-01 7.934630500816357568e+00
6.492731286126873780e-01 7.792449408261630239e+00
2.601208895415079159e-01 7.945336451640044650e+00
5.341531213581675042e-01 7.770135009474256726e+00
3.021706019492698680e-01 7.930393348901273676e+00
9.989999999984071621e-01 7.772269745258676643e+00
5.292062895671486578e-01 7.960923392364157358e+00
9.989999996935305937e-01 7.778021086522873162e+00
3.830289291719446432e-01 7.959753282890491555e+00
6.449705272860258853e-01 7.781559802025255657e+00
2.647325429525986262e-01 7.946572946674799631e+00
9.989999999999998881e-01 7.742358217232752082e+00
2.485981641713231605e-01 7.940890939890938860e+00
6.170021746181267863e-01 7.776088413299956592e+00
4.802752175636741394e-01 7.952823899250585526e+00
4.705009437094499480e-01 7.758875140614102328e+00
1.581514332071468909e-01 7.938465782583661756e+00
9.667680365754347527e-01 7.750506675959418779e+00
1.503263095076051992e-01 7.939379536943953042e+00
8.643092288259964784e-01 7.765659511196218112e+00
2.768538951583338070e-01 7.943012974214350486e+00
9.128740793811669363e-01 7.786088045641032629e+00
2.836590051355905237e-02 7.944502504302920265e+00
2.391627760482192555e-01 7.745305529392469523e+00
3.317323907382082049e-01 7.956314018218895612e+00
6.172531370080291957e-01 7.773584223663591253e+00
1.366228959293100953e-01 7.941239736144183325e+00
2.215336626289388378e-01 7.730514074839938132e+00
