3.164402927204644222e-01 7.953406318700834809e+00
4.459888153460556115e-01 7.768561860846203260e+00
1.512844703363066742e-02 7.937269824816274522e+00
8.793791838774506209e-01 7.789098169024637031e+00
2.626580349226936284e-01 7.948401954513556689e+00
2.132811567324408297e-01 7.732484782410944391e+00
1.756375034313361339e-01 7.946982672558231542e+00
9.989999940664044953e-01 7.736604227129885381e+00
1.433350742594609040e-01 7.935035055014838079e+00
9.989999000797833428e-01 7.776409611532856481e+00
4.590483583092100917e-01 7.941903373994420257e+00
5.087868286510068838e-01 7.753996532482110737e+00
2.748033986262294337e-01 7.933131687368059737e+00
9.989999999999492619e-01 7.730414434961575765e+00
4.986171815799914087e-02 7.937848940409426568e+00
9.989999992143751006e-01 7.742377551553334847e+00
3.299486196397499183e-01 7.947670142464025034e+00
9.989999999999996660e-01 7.733661552621435398e+00
5.739830357873536570e-01 7.953560779491005484e+00
4.304234319456165525e-01 7.748435175437629496e+00
5.115941419865550621e-01 7.962892995967653320e+00
5.595485488364420057e-01 7.774955777620611741e+00
1.825695592474513296e-01 7.967327775727875760e+00
1.405802711625988854e-01 7.725757925045964924e+00
3.743496918383609762e-01 7.966136899583960762e+00
2.934491575877730685e-01 7.738296192426042275e+00
1.904558074086911412e-01 7.950386206302119341e+00
3.294051596213052879e-01 7.749174512467926768e+00
1.000000077961792641e-03 7.931491386469348370e+00
8.491973170826849771e-01 7.793687120594706919e+00
3.140325479248283203e-01 7.942931644940434133e+00
1.872551592362136363e-01 7.742498433159836324e+00
2.428798701828600304e-01 7.950665042555502104e+00
6.113351213756021973e-01 7.751759280249969741e+00
2.783054346234980492e-01 7.940280100641212258e+00
4.474835274422506726e-01 7.761772630944659745e+00
3.666948634468263912e-01 7.954146784544311899e+00
9.989999994798322014e-01 7.756124695653936918e+00
3.159097481941371410e-01 7.944846246626873665e+00
9.005422271914178545e-01 7.755103991943157915e+00
1.194062765775110724e-01 7.940502787132521334e+00
1.263887251005654244e-01 7.738983533596541342e+00
3.225828983380801818e-01 7.951886261247081755e+00
8.975060669612828779e-01 7.733191538708280355e+00
3.082414030029735907e-01 7.944305216996548680e+00
7.269687684191865618e-01 7.732253053250741637e+00
2.782388133025233135e-01 7.959610311216260392e+00
9.989999999501741890e-01 7.748954278142968555e+00
1.489681673166819709e-01 7.949118859514005209e+00
7.709202976705850086e-01 7.795275972347095461e+00
2.948040266731773440e-01 7.939673977743046507e+00
6.649978454826849239e-01 7.750268158111177641e+00
2.723323369357359414e-01 7.946859778017833165e+00
8.372931843608384384e-01 7.743059525414979660e+00
2.669787185668817120e-01 7.943732541970974559e+00
7.226614021498153351e-01 7.762712596700778178e+00
3.233640877493268451e-01 7.942027363271663809e+00
5.166431969703055849e-01 7.747786140635756880e+00
2.533105358121781614e-01 7.953327800088426436e+00
9.989999997335512472e-01 7.742476672552878192e+00
4.763815402835641644e-01 7.966273417743146901e+00
9.989999999999998881e-01 7.762909860343335744e+00
3.744843592618785633e-01 7.953978313831913560e+00
2.278079487361481525e-01 7.712952572047803379e+00
4.327090754843522236e-01 7.956050627384877671e+00
9.989999943615716083e-01 7.765532046366377728e+00
3.131368864366833593e-01 7.942854616853789906e+00
8.779994395268461149e-01 7.759446816248057210e+00
4.517382564120081545e-01 7.959473294369487917e+00
9.989999999999998881e-01 7.778576705703575733e+00
3.860429735316073252e-01 7.962609737645157004e+00
5.113885098451775857e-01 7.755340530662254928e+00
1.239101329994779926e-01 7.959196706034428637e+00
9.989999999999998881e-01 7.744860976760705285e+00
3.879024955180241929e-01 7.958870818285297410e+00
9.989999989723226115e-01 7.756973420633251237e+00
3.770980131125949986e-01 7.943253085995976903e+00
5.236929877032415748e-01 7.744469132048876325e+00
2.094287868457600510e-01 7.951373887246841576e+00
9.989999845694625957e-01 7.763019157671376291e+00
3.447842983914919390e-01 7.955236782632730375e+00
9.732685951965746041e-01 7.777911518485240094e+00
1.846572789251641200e-01 7.950869255012707804e+00
7.523207343701180383e-01 7.775974520883147001e+00
2.041827762561638226e-01 7.944139742573127272e+00
2.283952259367570126e-01 7.723335538580917259e+00
4.112087728485299687e-01 7.955894911699299854e+00
9.989990538013898691e-01 7.778414478987978775e+00
2.726876021045934184e-01 7.934477085234498794e+00
2.713021799646105348e-01 7.728825091475829190e+00
2.583358124819720159e-01 7.940022624135697704e+00
5.293686488343924967e-01 7.748594996090738540e+00
2.252947043040845754e-01 7.937891486930110929e+00
1.679567262821039519e-01 7.725565553781973627e+00
3.665557909748559662e-01 7.982970670943652536e+00
9.989999999999996660e-01 7.749183999431934922e+00
1.519416187315074940e-01 7.948158887402268391e+00
7.498414618129018994e-01 7.741691668953389893e+00
2.588915041224933988e-01 7.945286797517814747e+00
4.618062935447228012e-01 7.775938180057784699e+00
4.010588539987183232e-01 7.957161350800526556e+00
9.669049564886744719e-01 7.762047012693373382e+00
3.569858196023881769e-01 7.953281400631987630e+00
5.168319990647878281e-01 7.776255582990752480e+00
2.541080410066770545e-01 7.944113689934979128e+00
7.544236124579908331e-01 7.738852030710211771e+00
2.226704013890549727e-01 7.951207918550088571e+00
3.297366527426195404e-01 7.751881919738344173e+00
2.538010564034626215e-01 7.935824797368219663e+00
7.546200638399599425e-01 7.742373295316430593e+00
4.823166675487524646e-01 7.952150746947652671e+00
5.727576539703795877e-01 7.771250425788367444e+00
2.518431281068519989e-01 7.936358183082127482e+00
8.993675851545531730e-01 7.767754163123963274e+00
4.464476163330630132e-01 7.957841807574759230e+00
7.358881895685644992e-01 7.752246175111833892e+00
2.575500470234577399e-01 7.956527141198852071e+00
9.989999999999918945e-01 7.759703697046727022e+00
4.774362812489453267e-01 7.947343826251051624e+00
9.506592365773997022e-01 7.774975164490512292e+00
1.526273314985779894e-01 7.943529182774660136e+00
9.989999940811724599e-01 7.745176546852910349e+00
4.414581199302738956e-01 7.957055186787959755e+00
6.312469079586381371e-01 7.766549567273983712e+00
3.139636379012321066e-01 7.949928409353025138e+00
7.598288865467095476e-01 7.762529696606399909e+00
3.871588564119011200e-01 7.955185428410970871e+00
4.847920465575358828e-01 7.749412695969825293e+00
1.569467506070774399e-01 7.938156742647991315e+00
6.413704663251471594e-01 7.761085296432892910e+00
2.035936727580490713e-01 7.966417490023101955e+00
9.989999999999998881e-01 7.786961549602238186e+00
3.150304261437912867e-01 7.962487612570600781e+00
9.989999999999998881e-01 7.776851849725053611e+00
3.304309139683352381e-01 7.959229631203638355e+00
5.492621575548441992e-01 7.775484258122570935e+00
3.078206393109684802e-01 7.940844086813292790e+00
9.989999736481396386e-01 7.779433219902291086e+00
2.268643468183629275e-01 7.938766454660083127e+00
3.279123217571777160e-01 7.714696754361129116e+00
2.903878153679657625e-01 7.950771234992310532e+00
9.989999999868321989e-01 7.742256921325275876e+00
3.601585226545920282e-01 7.948358707079284713e+00
7.523606412434545865e-01 7.765245873254295716e+00
1.430561350988567848e-01 7.939661800297186822e+00
7.693916800511562126e-01 7.717673545017848191e+00
3.252352983756128246e-01 7.950924994674221757e+00
5.622579909916953778e-01 7.739592159368192448e+00
3.556897899093842130e-01 7.949770491508257209e+00
3.811097191678113338e-01 7.758477594984049652e+00
1.810497783223380952e-01 7.933099561195880334e+00
9.989999999997957181e-01 7.758583003150817170e+00
1.861653155091385625e-01 7.967298197279043315e+00
9.989999990646184491e-01 7.762624803546552599e+00
2.777276177658283829e-01 7.950255368396729416e+00
5.372386881142381387e-01 7.769691358701457773e+00
1.615748483663167478e-01 7.949270515880650478e+00
4.176783545365247430e-01 7.755627103271241829e+00
3.842334322582117712e-01 7.934802507945887484e+00
9.989999999999998881e-01 7.760918164086729298e+00
3.398080300323796377e-01 7.944171660937152879e+00
9.989999999999998881e-01 7.773754548577298529e+00
3.494885070393421445e-01 7.956092781294461069e+00
2.398802353760439987e-01 7.759032929553723257e+00
3.086745489133357889e-01 7.955521963253857187e+00
8.582389455257221078e-01 7.755161128033837947e+00
1.104909234290366860e-01 7.947626197598603781e+00
6.418009442913011897e-01 7.779904931054812955e+00
3.649406327032659325e-01 7.956020650662165572e+00
3.693540698253965360e-01 7.737248357636089757e+00
2.773114531211233191e-01 7.954137167612280734e+00
4.430849741315842083e-01 7.762984742310372610e+00
6.876255976336707876e-02 7.941170675814906765e+00
9.989999999997903890e-01 7.764866974582389503e+00
2.351527658473762383e-01 7.941718463731488598e+00
9.230976410862024029e-01 7.767006677275126059e+00
3.515594990402117759e-01 7.931374945572705393e+00
4.858472609816269494e-01 7.773623608943911023e+00
4.421395653589217933e-01 7.959794884200391607e+00
7.653148832865160900e-01 7.777556353956420310e+00
3.750834055135862655e-02 7.940297950355434509e+00
4.156774534004677446e-01 7.767781957009870730e+00
2.772494073664054648e-01 7.961264571734782081e+00
6.215518955405126000e-01 7.769982113498667964e+00
4.795313536413005062e-01 7.960010214213303570e+00
9.989999999999998881e-01 7.777327613527123873e+00
1.745439779927568102e-01 7.946857004878162378e+00
8.655212732214397908e-01 7.775003729600525659e+00
1.271041293823044205e-01 7.927871507517528116e+00
5.024886665109770112e-01 7.720728993812519647e+00
1.514209577822593633e-01 7.949378140750588351e+00
4.888610471020704007e-01 7.763433795624202105e+00
2.888441432154482125e-01 7.947191644408226452e+00
9.989999999612770853e-01 7.758833587824289779e+00
5.113288922292517080e-01 7.953520633876833834e+00
8.139926889589287340e-01 7.737751781034479137e+00
1.699091814856905081e-01 7.940442094766360981e+00
5.041100180869700909e-01 7.767841692697264655e+00
3.476563387107711733e-01 7.944396869529495753e+00
4.190603539615795903e-01 7.762359240790342341e+00
3.222300453242424312e-01 7.953568749576058750e+00
3.829150703816214807e-01 7.752105774896620005e+00
1.920412651808779403e-01 7.955417718764243418e+00
9.155550736990613059e-01 7.780039656558968453e+00
1.457645358152656612e-01 7.936335760834067443e+00
4.969218610648560852e-01 7.761476207381008408e+00
4.708350632005188774e-01 7.959657609907931253e+00
9.989999792904806775e-01 7.767537315036104673e+00
1.558308819885058927e-01 7.936949442932552223e+00
9.989999999999998881e-01 7.717621358634251472e+00
4.016973932180046836e-01 7.950590463333660374e+00
9.989999999999995550e-01 7.761693916044507091e+00
2.049446615951917294e-01 7.947463844725716875e+00
3.555102131142640620e-01 7.725083487489254885e+00
4.978157003508312251e-01 7.955723421061746237e+00
2.551967853085162496e-01 7.749346515177857775e+00
4.033888822721882761e-01 7.958452068158338832e+00
9.988186057103851656e-01 7.763153651666086397e+00
5.011004574870884243e-01 7.955410609179219605e+00
6.499371015043859945e-01 7.770499099237148322e+00
4.126037198027766584e-01 7.961210456241513356e+00
9.989999999999998881e-01 7.756955017490886561e+00
5.106242525294519830e-01 7.951081990781492692e+00
3.242408440536665992e-01 7.748071103612387489e+00
3.648551218555382558e-01 7.954820469361644442e+00
4.886321344006006595e-01 7.734583351032275900e+00
1.849777017048579719e-01 7.952386589796523353e+00
9.989999999999998881e-01 7.760739387797995548e+00
1.550955445344276984e-01 7.955581305509471512e+00
9.989999999979026768e-01 7.769035783282534524e+00
3.109300246834483250e-01 7.948775480566927953e+00
2.105408647759252905e-01 7.747569378718703881e+00
4.231707261843811740e-01 7.961473405619556409e+00
9.989999999999941149e-01 7.776883156120062424e+00
3.641989858610163444e-01 7.942522051919100434e+00
9.989999645807335904e-01 7.776792340753115873e+00
5.473943273729576786e-01 7.960935743998144076e+00
4.170363227759667502e-01 7.767413663069705265e+00
2.541584168616901063e-01 7.939934799953087818e+00
9.989999999999940039e-01 7.740009207014890258e+00
2.081579793293126812e-01 7.950160665672922455e+00
9.989994411410024755e-01 7.782354025761248906e+00
8.203492163114020630e-02 7.952696681135205559e+00
9.989999999999882307e-01 7.719201790300657784e+00
4.263275156682109213e-01 7.962326452104877106e+00
9.989999999995133884e-01 7.737259443476498966e+00
3.912508366737179610e-01 7.955745604473468013e+00
9.989999948928696138e-01 7.746078104715755863e+00
5.079715585451565207e-01 7.953318305707527180e+00
9.989999999999998881e-01 7.742275385627109152e+00
2.744183176078816011e-01 7.937825003811951774e+00
5.611906284861591931e-01 7.740172483168499262e+00
3.441119914962874060e-01 7.951537312272118463e+00
4.853219635758150852e-01 7.752352003041069750e+00
1.270110085801404443e-01 7.947848776880212185e+00
7.584315183605538913e-01 7.774015018915266140e+00
1.693548254082755666e-01 7.945854900116789743e+00
2.646628209830268474e-01 7.751869010842676211e+00
2.561647791816731856e-01 7.961630326396774038e+00
6.375764869904683163e-01 7.743644216739594022e+00
1.193662098194310794e-01 7.940905729734155649e+00
9.989999999999987779e-01 7.741340546100273556e+00
1.985461558012634742e-01 7.965315192983471348e+00
2.431403167362031770e-01 7.754688330912414607e+00
6.472216366559133682e-01 7.970847865316363468e+00
3.193802657934034506e-01 7.732055812377258697e+00
2.248536300413421507e-01 7.945454054125291599e+00
3.843496962060415911e-01 7.747306225577879069e+00
2.399039573923554824e-01 7.948936342369522734e+00
9.989999999898838690e-01 7.749811355569288907e+00
2.040461083625445537e-01 7.956229934119058100e+00
8.438750445937328593e-01 7.770929137616802151e+00
2.266236454744792184e-01 7.936849463533251381e+00
9.989999999997711821e-01 7.779106888046595003e+00
4.123817403852307328e-01 7.957054415208125953e+00
9.989999862222745941e-01 7.759942358764047476e+00
2.280613948568057103e-01 7.948445066770442047e+00
3.982973943332376310e-01 7.712825367413714162e+00
2.183364560352349382e-01 7.937424292766589673e+00
5.839635133161736880e-01 7.752042471204176444e+00
2.799843041521931641e-01 7.940610440264968872e+00
5.475781008749305290e-01 7.731292997379973109e+00
4.810459752516451082e-01 7.941233636364741777e+00
9.989999999999998881e-01 7.770101327126279322e+00
3.368079405801783777e-01 7.965948710939334099e+00
6.923768491137782810e-01 7.739432013132952370e+00
3.902404137447332277e-01 7.956618301439868368e+00
1.071078251004718290e-01 7.726432791962814406e+00
4.520691593680905007e-01 7.963251725378588830e+00
4.311165731983004346e-01 7.751674517544085319e+00
1.478497386983283757e-01 7.937145237626752170e+00
4.265075071914525839e-01 7.754217794634557848e+00
3.062917326811475105e-01 7.963231291173360482e+00
8.426984270679815925e-01 7.762067528282461382e+00
2.900041448609084749e-01 7.964667515166861556e+00
9.989999999999998881e-01 7.750591381358244547e+00
2.893282774578564420e-01 7.962611276811255578e+00
9.989999999977573486e-01 7.754750395707664445e+00
2.335582027510430814e-01 7.946068856659938007e+00
8.745932411393217976e-01 7.778402852279440616e+00
2.034468742333588598e-01 7.936137031174577139e+00
3.118882378515646647e-01 7.736625028415840433e+00
3.054241719417070677e-01 7.949594782034756335e+00
9.989999999996965752e-01 7.700649179984398351e+00
1.706913112214629435e-01 7.942449235828689780e+00
9.989999999999416014e-01 7.752249265009959700e+00
2.458323246819028585e-01 7.948420683359571193e+00
8.732568059327225907e-01 7.746032996503124046e+00
2.891394843299381900e-01 7.957538981598620609e+00
9.989999999999996660e-01 7.761119958920379425e+00
3.211571918039436424e-01 7.962132643664250331e+00
9.989999532037772134e-01 7.775549867510724411e+00
2.542987845720716678e-01 7.943410589028466973e+00
9.989999999999963354e-01 7.720889117962661530e+00
1.726078469636988799e-01 7.941499608120556886e+00
8.115899314367915895e-01 7.778043620511187584e+00
2.302841717437517643e-01 7.953708340154497236e+00
3.988572540292037449e-01 7.770392743939985358e+00
3.369917210382881723e-01 7.953830074932381144e+00
5.615644001452249068e-01 7.725160766851367988e+00
2.004300493259863758e-01 7.962837252862767556e+00
9.989999999999998881e-01 7.713135348479989162e+00
1.610748659741546851e-01 7.941440876383128789e+00
7.691987589022227789e-01 7.754103838641969837e+00
4.919164653150687738e-01 7.967336930581589982e+00
3.340279212274859799e-01 7.740054278029231405e+00
2.236721936748969075e-01 7.938709876110934260e+00
5.267121697177837847e-01 7.768316811774319319e+00
4.137320697979596229e-01 7.961699857299214145e+00
2.380470274675609010e-01 7.722149688597932382e+00
4.671163347694357593e-01 7.951398203164574241e+00
3.391052350611515331e-01 7.725458255891700432e+00
3.265133379184548268e-01 7.953762000710422164e+00
9.989999999998863123e-01 7.733985468012937403e+00
1.052256243786964113e-01 7.942244919342069664e+00
9.989999988499127515e-01 7.780876630114866188e+00
1.880746914759981181e-01 7.949704284645249253e+00
2.931443312001180690e-01 7.739108337802306004e+00
5.599655435322061781e-01 7.978668167625839303e+00
5.749259327742657355e-01 7.774194440116556137e+00
2.534921908783708822e-01 7.941732219785711422e+00
6.151935835085731163e-01 7.773683307534590803e+00
3.882390960952701864e-01 7.949380535665151015e+00
6.207277745602879371e-01 7.746711668390747541e+00
1.227155190579112126e-01 7.950011343584908019e+00
6.278195394665813112e-01 7.735377847092962611e+00
1.987239881441842937e-01 7.949489868290755545e+00
8.067961549307097746e-01 7.767945618431951083e+00
3.892864492717786895e-01 7.950781851479924889e+00
9.989999999988928847e-01 7.753219435135719984e+00
4.297029423555088767e-01 7.956445562874703725e+00
9.989999999987710932e-01 7.782843267774899765e+00
1.340009784767174361e-01 7.954043407568827995e+00
2.064197055192805164e-01 7.742020199353261134e+00
1.905869235085186353e-01 7.946073669714561305e+00
6.725434282345407189e-01 7.755475293542082760e+00
2.912807652242591083e-01 7.947360691536456301e+00
4.322634165276712515e-01 7.748718584370378970e+00
3.102418404809479391e-01 7.948161408096408920e+00
2.626818948723641522e-01 7.755847678760554587e+00
3.493431754945347523e-01 7.942590549989934523e+00
9.989999999999997771e-01 7.742735864678865099e+00
2.806772810265381612e-01 7.949345694562256703e+00
9.989999999999986668e-01 7.762072572925267089e+00
6.796125383339217674e-01 7.972239743842106208e+00
9.989999999999994440e-01 7.762915903510197779e+00
3.142038643070012016e-01 7.947299066496780640e+00
9.989999999999983338e-01 7.747342900061017446e+00
3.052128746303665596e-01 7.938911729082581914e+00
8.552236002765328804e-01 7.755323986495667121e+00
2.071963972161503242e-01 7.951251462838514250e+00
9.989999999999997771e-01 7.749891176635765433e+00
8.311968433937408363e-02 7.941474944392115987e+00
9.989999971407035328e-01 7.761526159014661808e+00
3.263477896029068903e-01 7.957163462313214808e+00
3.881825083613905103e-01 7.734756622081452093e+00
2.301439129222612734e-01 7.943353007188489912e+00
4.655759283519781411e-01 7.745808434300656131e+00
1.729955044681076859e-01 7.949280649502513896e+00
9.576003796990741890e-01 7.766538068866975841e+00
2.952910589212313086e-01 7.948790888434126956e+00
9.989999999894527694e-01 7.752537096632071467e+00
1.009424250716174642e-01 7.942645953966528616e+00
9.989999999999998881e-01 7.726122834065453304e+00
4.454618876578999020e-01 7.961833384668509872e+00
9.989999999547017895e-01 7.765060295723766437e+00
1.973402399191476753e-01 7.945021582362844725e+00
9.989999999999997771e-01 7.758422089201757466e+00
3.728098128982874626e-01 7.953987507484429287e+00
9.989999794169431846e-01 7.747746938318333498e+00
2.846819694504439946e-01 7.950041958227003214e+00
2.369491410163596101e-01 7.757641265476572734e+00
3.711559494321202690e-01 7.945658198632986391e+00
9.989999623451160105e-01 7.762306991394051892e+00
1.811226251984850433e-01 7.949067781693092805e+00
9.989999999999998881e-01 7.749125243137830132e+00
3.722561481128045524e-01 7.935864827915623643e+00
9.989999999999998881e-01 7.792075335779919953e+00
1.569787979043855142e-01 7.951305366453242485e+00
8.336626360352116238e-01 7.747811097128903590e+00
3.725164598923573211e-01 7.957929745730776716e+00
9.989999999999630287e-01 7.757465494116257076e+00
4.024156912370060457e-01 7.949135938415380132e+00
9.359446076853761287e-01 7.759599387594394493e+00
3.100093934523403538e-01 7.943369730755851954e+00
8.344185647832461639e-01 7.762994099801114878e+00
2.391496741874248322e-01 7.939549536071419666e+00
9.989999995374546637e-01 7.762166411923833387e+00
3.227853347347105495e-01 7.947048253902424975e+00
9.989999999997768443e-01 7.773455579038068386e+00
2.320701292586746234e-01 7.951221894302400450e+00
3.866782319507019450e-01 7.752677949883656439e+00
2.561790304009739505e-01 7.933719369266132304e+00
9.989999999999998881e-01 7.743756192372812208e+00
2.128927346694925171e-01 7.946782176880407889e+00
9.989999999999975566e-01 7.761339076126866132e+00
4.112359545974073050e-01 7.961483996875101887e+00
9.989999914960380201e-01 7.765628547627848377e+00
3.130558245745437285e-01 7.953588726494255745e+00
7.645514171275610282e-01 7.752161102681065508e+00
2.420858306860024789e-01 7.932226138861858011e+00
3.310236728418370356e-01 7.757322389053202372e+00
2.788115957687489210e-01 7.958476092137434676e+00
9.989999999532880315e-01 7.716274267196302716e+00
1.403816482267881971e-01 7.955748453647623286e+00
4.351229595571011188e-01 7.758904956585323198e+00
3.172331076498218216e-01 7.939994158591287210e+00
6.517692982196507945e-01 7.732503941493851229e+00
2.006031912823236230e-01 7.937297990354896804e+00
3.338271955498546273e-01 7.751780815107810696e+00
2.745069661485668999e-01 7.937621137504994984e+00
8.127653027183399104e-01 7.746866157945939690e+00
1.957172354780846446e-02 7.945384744662701948e+00
9.989999999999998881e-01 7.749260040765847180e+00
4.010405433906234496e-01 7.961676910110521810e+00
9.989999999864960234e-01 7.742944544603196810e+00
2.927040779727071440e-01 7.957394926846829364e+00
8.874412405136937743e-01 7.781012337553976366e+00
4.089419453433465468e-01 7.954292556617325261e+00
9.547866106398787966e-01 7.761039846554364630e+00
2.327810276198064576e-01 7.943230867940553885e+00
8.635650473550263717e-01 7.700162060614407444e+00
3.546061271146053184e-01 7.954148207819794258e+00
9.989999999999890079e-01 7.777183861108996510e+00
1.099776435042877920e-01 7.933441480625790021e+00
9.989997238907737387e-01 7.771008336622063695e+00
4.395163777850304432e-01 7.975166309668610509e+00
9.989999999999998881e-01 7.758107006279025164e+00
3.502269543662396289e-01 7.942885229101935174e+00
4.996184885921946539e-01 7.753670880000241183e+00
2.792692995121031085e-01 7.947513388905827370e+00
4.834860799928763359e-02 7.722920637945186684e+00
3.691458164901197936e-01 7.952669511212259401e+00
3.813515107964606798e-01 7.760137391618597391e+00
1.011569292580269952e-01 7.955564745804776905e+00
8.425815950369051066e-01 7.765337905258605566e+00
3.450801518707896087e-01 7.962462909800881228e+00
7.744727498773708030e-01 7.774207981924307731e+00
1.088388426909407958e-01 7.939020282593942213e+00
3.509180546847811000e-01 7.749242033627334436e+00
3.278516866984555467e-01 7.947491022019367968e+00
8.127140181547770625e-01 7.774773496616545820e+00
4.921362204744517133e-01 7.956560904055966610e+00
4.388762334361452910e-01 7.746911990494987243e+00
1.071393317299512843e-01 7.949241501714502611e+00
3.549846405999051435e-01 7.745553062638591335e+00
1.380225465201815049e-01 7.936554087327447604e+00
4.309655276615692587e-01 7.743619750852224648e+00
2.438294512010936443e-01 7.948879403651146092e+00
4.614766164736322507e-01 7.741285023116736497e+00
1.724466049812709290e-01 7.944375718302389977e+00
9.778006964133106882e-01 7.756726671865287415e+00
4.248884469870750080e-01 7.947789476496400773e+00
9.989999954942543337e-01 7.745706446406547485e+00
3.086447867819212543e-01 7.943419061463426800e+00
9.989999999999502611e-01 7.747828136619397732e+00
4.092191702147602861e-01 7.945213435688455839e+00
8.748781668231822017e-01 7.774896853433025612e+00
3.425357392551658942e-01 7.952815184274225402e+00
7.080997751041948618e-01 7.761286803482743579e+00
2.550005483888381774e-01 7.941871317241118611e+00
8.438615033555980638e-01 7.758045749320482187e+00
5.048794524290078911e-01 7.969117779021154924e+00
6.526159502867194817e-01 7.745202471553445100e+00
3.986615350903988664e-01 7.950050356360778281e+00
5.039334490605280603e-01 7.749332067495449117e+00
3.897112892235041204e-01 7.953963475429998375e+00
3.246091241179754339e-01 7.748419409698801275e+00
3.713546610982043639e-02 7.944601093481452381e+00
9.989999999999998881e-01 7.785211488714838701e+00
3.254511533390573308e-01 7.945348640351955538e+00
9.920901040221787870e-01 7.778977136618085098e+00
3.522453899176156700e-01 7.956872172728700399e+00
5.117531374111597975e-01 7.751706899977405918e+00
2.527676403554974804e-01 7.949178781453413833e+00
9.989999999962005939e-01 7.760627942819416702e+00
1.949400515533031009e-01 7.961749628374099608e+00
9.989999999999918945e-01 7.727908374734024477e+00
2.827189151948991674e-01 7.960901771237295144e+00
3.486416000476959542e-01 7.750385811899927369e+00
1.551400728413110108e-01 7.944536825153994286e+00
7.666132760031690863e-01 7.745635566266550143e+00
3.516459458972148178e-01 7.949640720518943660e+00
9.989999999999998881e-01 7.729980500020627865e+00
2.489174726781432923e-01 7.947467486640503509e+00
9.989999999992221769e-01 7.768774276431169135e+00
1.588038971905348096e-01 7.943119883028542105e+00
5.607456758897503279e-01 7.760756885525324833e+00
2.422326763681350859e-01 7.953206879215168890e+00
7.110138561649470557e-01 7.770125629409528223e+00
4.589450211901359156e-01 7.956418382491716734e+00
4.720980360813011312e-01 7.747586166006954045e+00
1.085835991078980961e-01 7.940041195872145963e+00
9.452515548660798961e-02 7.736424446892486984e+00
5.758919785145233394e-01 7.954006104690441781e+00
9.989999999964924715e-01 7.758707322374380766e+00
3.453708280798876706e-01 7.952867456538053048e+00
8.784458018002138102e-01 7.733553228782168887e+00
3.528553334196523616e-01 7.951384216275876327e+00
7.453287879460006593e-01 7.788739644592280520e+00
3.102593675096270709e-01 7.957517448398295556e+00
9.989999999999955582e-01 7.757596591341226144e+00
4.168650905878374946e-01 7.960277816247463001e+00
4.381533517601780003e-01 7.778806145267481043e+00
3.277533333763682499e-01 7.945334689550021423e+00
5.908193830953216708e-01 7.776116472894532450e+00
1.853306078024009040e-01 7.942076390239676265e+00
9.024712221432704684e-01 7.778043695592531392e+00
5.512691295846018358e-01 7.961636335956399968e+00
3.244064184698058906e-01 7.742336673922536328e+00
3.932731585926738660e-01 7.946877617488880219e+00
4.409488316088480686e-01 7.776479068773340941e+00
2.175036351464618989e-01 7.947512160346250631e+00
9.989997481291480463e-01 7.766163001831666080e+00
3.506669789994245057e-01 7.953717429374007608e+00
1.000000786538230400e-03 7.735786781299858639e+00
4.620395247102250802e-01 7.953668782896442302e+00
3.163939168552820647e-01 7.734507965541729035e+00
2.784669155654735939e-01 7.941396653074652257e+00
9.989999999999987779e-01 7.759657183296399197e+00
2.453851221144263961e-01 7.950922443804780748e+00
9.989999999999998881e-01 7.761545491055309220e+00
2.856068119411411255e-01 7.944997285530243758e+00
9.619043529428815686e-01 7.749710287925717367e+00
3.951141164175449028e-01 7.945587681351814702e+00
3.590796499404070863e-01 7.710378978247761417e+00
1.587891754677574485e-01 7.934956553846724603e+00
9.182083833728896805e-01 7.776766125533292495e+00
4.033356028250830727e-01 7.948458037726222614e+00
3.015267958630219458e-01 7.752246708348172533e+00
2.820677866893134822e-01 7.945537804639542401e+00
2.533235155145823758e-01 7.735587611675044606e+00
2.718248088997876621e-01 7.941349325913704682e+00
4.140777299190224747e-01 7.772131276664719479e+00
4.232382295443999909e-01 7.963428984903068830e+00
9.989999999999998881e-01 7.760948965526757171e+00
2.411392690241577763e-01 7.944108340204054208e+00
4.931807019399698233e-01 7.765825365019570548e+00
4.113569131303805859e-01 7.946206114044076507e+00
9.989997065226668971e-01 7.785829447414250204e+00
2.107016919340160555e-01 7.937387857584782047e+00
9.989999837833265506e-01 7.773413977173853517e+00
2.822413353505368594e-01 7.956510132545200342e+00
9.249841571808444796e-01 7.766510863009917998e+00
3.299162239819347642e-01 7.945352832796239717e+00
9.935303309067483601e-01 7.762254447283426728e+00
4.929678312224483050e-01 7.952797551854163594e+00
1.521760339743506718e-01 7.733661313095920420e+00
5.550124489132166605e-01 7.961093368099931844e+00
9.989999999211833792e-01 7.737211379706594450e+00
2.568503113376133795e-01 7.939255007672639586e+00
9.989999982514849997e-01 7.772396201851480946e+00
2.421030382245792922e-01 7.951283568445547623e+00
3.472806575390184891e-01 7.782000427244665453e+00
3.811269046801931126e-01 7.953225782656551779e+00
6.432185555232475815e-01 7.753615835475900830e+00
3.032303094577659119e-01 7.949784368171667559e+00
6.881922003544108657e-01 7.777065768638379950e+00
3.460410212891156245e-01 7.958706705147657878e+00
4.426301000812116193e-01 7.751356485639719018e+00
1.397668611032091002e-01 7.945760400995951933e+00
3.247496259131004148e-01 7.733260568495002651e+00
3.419302685200217851e-01 7.944958644564450445e+00
6.865531492505814182e-01 7.765565126205116186e+00
3.569044984335273951e-01 7.963140730927981359e+00
3.934996161881497700e-01 7.764315222695751473e+00
1.985823979291906072e-01 7.945245252410463088e+00
9.989999999989783719e-01 7.762616572003576465e+00
2.724027866679444299e-01 7.953297304697346526e+00
8.246210232117079375e-02 7.728204722655444669e+00
7.338898829709636362e-02 7.944303679220692693e+00
9.526565201163175178e-01 7.789465345411026753e+00
2.405110961776268652e-01 7.948584460859520640e+00
3.491853522991743564e-01 7.715542890244571517e+00
1.623156273818538164e-01 7.943395773975185925e+00
3.065639808011831335e-01 7.757567220436698108e+00
9.550336565112278742e-02 7.942098322604385530e+00
9.989999999006827780e-01 7.764898245475889915e+00
1.257650203663495114e-01 7.956343746305919673e+00
4.075759426785649508e-01 7.761472013907918743e+00
2.650400281872285491e-01 7.940637455423249946e+00
9.989999999998890878e-01 7.757883810890417564e+00
2.944509531760738374e-01 7.946897430673614870e+00
7.253504335766413069e-01 7.775287828164373138e+00
4.674797955144422978e-01 7.955425537032204453e+00
6.179369485202724777e-01 7.745251887587576434e+00
1.771496613707299328e-01 7.951554940680452432e+00
6.210328806770438748e-01 7.754262393346039950e+00
1.700723599607359415e-01 7.948327273953395888e+00
6.750491863185804631e-01 7.740822004037181792e+00
4.022800003411270975e-01 7.931804099103623606e+00
9.989999999683668586e-01 7.745250916283336728e+00
2.866556262288521006e-01 7.945820148836482133e+00
9.428418375950469166e-01 7.749447883639839496e+00
1.355485314205472636e-01 7.948167676048033314e+00
8.650438922814531750e-01 7.757830294608063504e+00
3.165148591798392363e-01 7.938445800604497116e+00
1.888668371706069549e-01 7.758037303432839593e+00
1.462789565449380269e-01 7.959838309606302786e+00
3.779156209101076636e-01 7.747647756716205869e+00
1.665305264937751439e-01 7.937403968347952699e+00
9.002827617944162419e-01 7.769813176827573109e+00
3.909212120883063246e-01 7.968353618293003926e+00
5.205471620652074582e-01 7.765517726367430207e+00
3.859416189067858549e-01 7.938711432146762448e+00
9.989999896107203403e-01 7.767259370589047585e+00
2.389456490247513221e-01 7.974113144169650447e+00
7.147818417564351101e-01 7.752907465751375682e+00
1.952886922349923726e-01 7.941706672197491379e+00
5.720646282498483837e-01 7.752445518612925746e+00
3.537882769455125143e-01 7.949740773462075083e+00
9.989999999999998881e-01 7.762934340604208394e+00
3.691466897562069582e-01 7.950422072999838718e+00
3.179560846727146339e-01 7.756308289622127816e+00
1.337888881922770223e-01 7.933012180929432944e+00
2.314437541609496440e-01 7.726450065085857410e+00
1.602608521442256684e-01 7.942081033652886646e+00
3.525226618793768640e-01 7.741223122085214570e+00
3.206609937015464928e-01 7.957869751498501287e+00
5.198698235195780004e-01 7.757907435207863855e+00
1.503068977626278169e-01 7.957269319592509937e+00
1.223501457885172311e-01 7.751897150725820751e+00
2.315104829066375602e-01 7.935637958807435055e+00
9.989999689376505287e-01 7.774936064950836112e+00
5.047241180720531961e-01 7.956852147870523417e+00
6.461600955805976154e-01 7.737093325870329608e+00
2.820569251689084012e-01 7.954260326792542912e+00
4.872319572318475345e-01 7.756986266022421361e+00
2.191022372896959947e-01 7.953385246423955834e+00
9.989987495942486140e-01 7.786273648489903110e+00
4.305574227740518456e-01 7.958173291925790593e+00
6.190208720440237844e-01 7.763854037517225137e+00
1.548452756427014243e-01 7.940679618797228834e+00
9.989999999996865832e-01 7.774954448181258471e+00
2.247548285825629322e-01 7.948676005887373996e+00
9.989999999999998881e-01 7.780978404962670680e+00
2.228035905356620383e-01 7.948560872479703221e+00
9.927148023066306726e-02 7.743266712406763119e+00
3.947855911009768848e-01 7.954132336360993705e+00
9.720742080148524200e-02 7.719119650393269971e+00
3.569340318065870044e-01 7.955512342242125889e+00
4.780163652329179058e-01 7.772328006689702029e+00
2.625362754612803329e-01 7.941011795143676721e+00
3.736625464805135577e-01 7.744978151105557096e+00
2.678458163043159757e-01 7.940597176814037539e+00
6.017470827113486909e-01 7.761921068893520292e+00
4.374604738853151709e-01 7.952800067951324436e+00
9.989999955588954039e-01 7.775974994110797844e+00
3.913528862288295218e-01 7.941887178684799764e+00
6.833437529748516148e-01 7.769429592810920937e+00
2.794039399878703867e-01 7.955004851727611737e+00
4.984603661089413440e-01 7.762663586619278355e+00
4.073933995505380490e-01 7.948748358474067466e+00
5.184866941619840075e-01 7.724285429569022199e+00
2.284855341251056660e-01 7.942584932077595639e+00
7.805584342077773741e-01 7.770687156792632777e+00
4.524988641183176341e-01 7.956784359890456848e+00
1.407284044778583099e-01 7.768472652654172528e+00
2.658815498439128788e-01 7.945485276616490289e+00
4.380536687434327114e-01 7.751517053337228624e+00
3.451245904114771251e-02 7.943202516023374571e+00
9.989999999999998881e-01 7.759739725343245631e+00
1.628425365047537210e-01 7.958958582067628740e+00
5.542695061353277719e-01 7.770946215954740666e+00
1.890755788176010921e-01 7.940139246913449078e+00
6.787638652046781296e-01 7.735789926919800052e+00
1.238069834496100530e-01 7.944110668874421854e+00
4.373264548080620373e-01 7.762943979083274826e+00
4.195870934841025024e-01 7.961566989932464367e+00
9.989999999865712965e-01 7.746882568515916390e+00
3.725144345874343843e-01 7.962439251328037315e+00
2.330333284200062638e-01 7.765098308600376420e+00
1.890333699814039370e-01 7.957284557605232678e+00
9.989996722326651701e-01 7.763941833163487516e+00
2.677880428151677705e-01 7.945973882639320252e+00
3.646166916537931790e-01 7.750759601501939322e+00
2.438208246690055925e-01 7.944816572490468687e+00
6.513825531379682232e-01 7.763111800447758171e+00
3.551280153772211623e-01 7.965081754160423522e+00
8.001970323255053197e-01 7.780758698279675478e+00
2.124770636033233573e-01 7.949609118849289224e+00
9.989999995336669159e-01 7.757360714559778714e+00
1.686501401020336355e-01 7.941452393854333991e+00
9.989999999947424270e-01 7.738819579404520255e+00
2.468937479924505907e-01 7.953454967220086935e+00
9.989999418058604919e-01 7.758264227050649886e+00
2.943998426389226042e-01 7.937830062493496541e+00
9.989999999999996660e-01 7.779413754715493567e+00
2.288093079080851799e-01 7.953839222552008259e+00
9.989999999999998881e-01 7.742297860983193836e+00
2.449940665308082410e-01 7.933955601186204909e+00
5.968825406931914657e-01 7.774969597733217164e+00
2.127085902787987648e-01 7.936485950377080378e+00
9.989999999999998881e-01 7.765478100182005683e+00
3.110880626347686806e-01 7.952007318242427125e+00
9.989999999997327684e-01 7.788897262413233769e+00
2.089279545123348403e-01 7.955684930489310247e+00
9.989999999999998881e-01 7.751319150952873827e+00
2.398662048618852294e-01 7.947741908244029929e+00
9.989999999999998881e-01 7.767783147989099746e+00
1.265493557323500717e-01 7.948030541163784157e+00
8.288382580367210650e-01 7.744378178956672798e+00
2.398857487478452122e-01 7.943083394304620626e+00
9.989999999999998881e-01 7.724051491932673486e+00
2.094223162140790018e-01 7.944899216242500728e+00
9.989999999998744329e-01 7.773828297653053276e+00
1.994046121421892137e-01 7.938769420796608856e+00
9.989999999999998881e-01 7.774774286136945989e+00
2.710840411596581734e-01 7.953967665190313951e+00
5.205504153131300660e-01 7.756706339653947069e+00
3.846979584284699882e-01 7.960763171501177737e+00
3.760002819285127029e-01 7.764336707118978609e+00
1.682325696970567996e-01 7.952208470729968504e+00
5.336173314706801341e-01 7.765290635856199053e+00
1.288505148003030731e-01 7.938153308954948528e+00
9.989999999991685531e-01 7.740838791903690286e+00
4.615119533817268471e-01 7.956003174852867232e+00
5.344740215968928343e-01 7.758856480504969788e+00
3.459882736139034409e-01 7.961154737899817313e+00
7.140610661229751521e-01 7.782136835337479575e+00
2.900420016415585223e-01 7.947284747559908880e+00
7.488095432406568497e-01 7.735798191809923452e+00
1.682026997398592405e-01 7.947793252119383922e+00
9.989999999731413727e-01 7.754222394345691605e+00
3.072254913361423534e-01 7.942754749215926502e+00
9.989999999999998881e-01 7.756082719495859479e+00
3.810946750186089416e-01 7.950853520149109066e+00
4.017153873871463499e-01 7.746015040296220455e+00
1.337195984454342679e-01 7.958634888760184545e+00
9.989999999910982309e-01 7.755391852112249573e+00
2.504270854967901583e-01 7.941565567952931559e+00
2.477019223734228393e-01 7.751926001043007552e+00
2.415305951466932832e-01 7.949172816681038256e+00
3.397494449089816793e-01 7.700962706374422595e+00
4.213176130898745875e-01 7.956437117677058524e+00
8.482125896076520011e-01 7.767469868436593927e+00
3.027047105269400906e-01 7.957709665343720040e+00
7.353121449846292679e-01 7.769210154838455118e+00
2.964340656285824882e-01 7.948577578715037006e+00
9.989999999989340740e-01 7.762684511956661204e+00
2.890820938602962631e-01 7.953983377969075619e+00
7.610171805944794254e-01 7.765152386866231993e+00
1.234541357224671621e-01 7.942715569725788072e+00
7.792197870088436451e-01 7.755468069156459698e+00
1.779473846873661225e-01 7.945430961648053625e+00
5.750538767556516717e-01 7.765544591697016941e+00
3.649435223176042409e-01 7.939820008652205274e+00
7.957715228782127337e-01 7.770157767716989738e+00
1.629748134654247227e-01 7.943333956876300839e+00
9.989999999999998881e-01 7.747702061111263028e+00
3.173915043858515084e-01 7.937858102115134429e+00
9.989999999999138458e-01 7.788259986995020867e+00
4.163800079329675330e-01 7.956883977433218291e+00
5.996393502018901867e-01 7.748551519551662992e+00
2.479332774460031863e-01 7.948433243419879446e+00
6.969805289922356151e-01 7.763989576322774866e+00
1.791026537755503467e-01 7.930007158600876238e+00
9.989999997785289354e-01 7.812681015671842033e+00
4.926680442980441860e-02 7.944466580673816836e+00
4.623979338097679581e-01 7.725933076392208498e+00
6.616430730071292121e-01 7.976207173120459792e+00
9.989999999999897851e-01 7.757410105962912361e+00
1.505293871051152643e-01 7.949795655039398667e+00
3.587683671000316266e-01 7.754620282109577545e+00
1.678099258601603305e-01 7.944461994133093619e+00
2.779736572060764188e-01 7.731161044942751914e+00
1.096990957750485357e-01 7.939746288611305935e+00
6.347427502486341355e-01 7.786260044368857436e+00
2.812077285070278543e-01 7.947280584391793745e+00
4.539128661263656661e-01 7.738315291633946380e+00
1.874724151713758613e-01 7.947740237102352445e+00
3.802610204413481854e-01 7.751006025037408875e+00
2.582420119412114357e-01 7.945846333609971168e+00
9.989999999999998881e-01 7.747122463895114386e+00
6.717938755153668451e-01 7.971314512873401092e+00
8.425765956766119169e-01 7.725180408165240209e+00
4.844144939174571118e-01 7.961256450381589467e+00
9.989999894196330832e-01 7.756239413128665383e+00
5.095789702081477968e-01 7.949166276080270599e+00
9.989999999999734648e-01 7.753363635352283900e+00
2.479218644318909592e-01 7.961647498166444237e+00
6.848294235517697892e-01 7.765360047324228354e+00
2.023565385766762093e-01 7.946856771034583211e+00
9.989999999999998881e-01 7.774820707809533715e+00
5.190859708679652629e-01 7.944550490062241010e+00
9.989999844980708144e-01 7.764952651753517898e+00
2.691279499429431385e-02 7.924795906131318013e+00
4.369866330262222043e-01 7.748823846973956542e+00
2.900829181901639631e-01 7.952203640986728495e+00
7.428991506339367723e-02 7.733724754086659381e+00
2.923244978558260376e-01 7.943046658515263481e+00
9.989999999999849001e-01 7.756638093142706580e+00
2.286532241389201692e-01 7.945063577967025559e+00
8.061057083816841606e-01 7.757354356773816129e+00
2.750973350692018093e-01 7.939616314775398642e+00
1.730065546828505052e-01 7.728873339831503486e+00
2.012540611716281402e-01 7.941621504154824152e+00
9.989999999923729890e-01 7.753323517442194834e+00
8.973967081022571346e-02 7.934685664230102908e+00
9.079525900981265663e-01 7.769852881373726206e+00
2.459324417105077099e-01 7.946397753948152953e+00
9.636116739953834998e-01 7.771244930207068968e+00
1.273963216502594087e-01 7.951105107262954164e+00
1.986256321005604730e-01 7.751719268045096811e+00
1.365302988121862016e-01 7.946625092721312456e+00
8.330509036185987926e-01 7.771301660467036854e+00
3.558256672651260444e-01 7.959738942766643177e+00
1.267397648662743348e-01 7.745329607421754581e+00
1.646515974676350247e-01 7.940758912624913179e+00
6.757574844055597163e-02 7.714719880926159234e+00
2.751519758192524923e-01 7.945177657387003656e+00
9.989999999995601287e-01 7.748722270367061959e+00
3.190854336603150543e-01 7.941164551109268110e+00
9.989999999999998881e-01 7.770890753872495615e+00
3.215856875339747067e-01 7.944581711769648003e+00
9.989999999999997771e-01 7.780600865870758831e+00
2.070773918710159534e-01 7.949922060810871827e+00
8.847975252747358743e-01 7.751203056697653082e+00
4.016991610939922852e-01 7.950285415160771585e+00
9.989999999994430002e-01 7.757673481265339177e+00
3.131374944658389392e-01 7.963922183490104167e+00
6.966378181116557045e-01 7.766549591751092940e+00
1.822161840941013133e-01 7.944692266660404734e+00
5.689635079136560192e-01 7.736707455344047801e+00
4.211694215175788014e-01 7.964411935354681837e+00
4.065008519849919733e-01 7.746446156111514547e+00
4.194331093918816644e-01 7.964572217013515143e+00
9.989999999999730207e-01 7.747647402087950219e+00
3.898651114108622751e-01 7.960384115214744760e+00
5.495021860048178164e-01 7.764542419929776784e+00
2.601485313938237121e-01 7.945763500760393505e+00
3.910087867348704949e-01 7.758023997735438826e+00
2.731006722014722721e-01 7.945055367891752596e+00
9.989999999999985558e-01 7.733537285859553023e+00
3.881203488855109462e-01 7.956231057943263352e+00
9.989999999999998881e-01 7.767240723056607621e+00
2.756055719444986396e-01 7.947928986858081579e+00
6.250878927873780855e-01 7.764275836344238790e+00
2.241101421750218703e-01 7.936454005663071243e+00
9.989999999948865339e-01 7.741048647364233481e+00
3.873859027101655972e-01 7.957745501113307363e+00
9.989999999999998881e-01 7.748128674253334403e+00
1.562314612398044977e-01 7.932959070783323519e+00
5.363521501225847476e-01 7.759824023539626303e+00
2.120417732919473441e-01 7.937451746760571858e+00
9.989999999999998881e-01 7.766037478480478207e+00
2.413999674667341999e-01 7.952527405636470093e+00
9.989999999999991109e-01 7.728761212842146122e+00
4.019131465750606091e-01 7.943850617390075364e+00
5.359138180723530542e-01 7.733018997427458352e+00
1.026342708102095796e-01 7.938197646103573923e+00
2.000311926298236342e-01 7.723578155775943088e+00
2.586315312682416767e-01 7.946401607677207934e+00
9.989999999999998881e-01 7.779392969419917314e+00
2.196880729083106887e-01 7.943675010081654442e+00
8.364715364593179325e-01 7.746615017441880191e+00
1.097258545570330562e-01 7.948048726408647902e+00
9.653862203661405239e-01 7.778272791485699500e+00
1.578835943981018175e-01 7.934583009082465388e+00
9.989999995989709003e-01 7.778133173191522864e+00
1.975313336376757489e-01 7.938589611390883150e+00
1.367997982986422500e-01 7.719823939446062155e+00
1.918820974427536963e-01 7.940300735997324111e+00
4.693701827945981342e-01 7.785113510783868485e+00
1.358650264869160906e-01 7.941710813580656669e+00
1.655101309701253465e-01 7.749783615653049296e+00
2.186727093270428302e-01 7.947809373499841179e+00
8.500534555097806200e-01 7.775898895202264072e+00
3.497517435784083251e-01 7.966453882654342067e+00
9.394546966613759320e-01 7.786167068039260286e+00
3.860290511370995103e-01 7.954630934295139788e+00
3.286620599497817041e-01 7.754247944259174297e+00
2.170538868109130881e-01 7.945004469710301720e+00
1.058173613703793786e-01 7.731062943794114517e+00
2.812192336296544526e-01 7.957711602062873091e+00
6.024486977063105986e-01 7.769489314492468601e+00
3.791964036788622594e-01 7.950211766591422702e+00
9.989999999999998881e-01 7.693234187394433654e+00
2.767167545431555853e-01 7.958025589083026929e+00
7.621579848936181900e-01 7.746361749835589450e+00
3.668187911193390716e-01 7.945941699561235083e+00
7.854711872322788224e-01 7.763284133154024325e+00
3.348711108107040868e-01 7.949146551417743289e+00
5.619702690808996426e-01 7.783803448057743601e+00
4.127797382312131114e-01 7.945276737114022048e+00
4.308902258929379059e-01 7.752981703222040721e+00
3.270808380106693947e-01 7.948196397197724750e+00
7.027825145644218674e-01 7.783897566661994283e+00
1.096324713041426091e-01 7.956796800784963430e+00
7.772724678148673627e-01 7.763976261566842396e+00
3.464757051746679695e-01 7.950736000502558021e+00
4.684856362605236413e-01 7.749515514516892800e+00
2.727473677795850815e-01 7.932841913654216093e+00
8.495538712919850077e-01 7.793710897976215968e+00
1.562945650079951565e-01 7.927907943254763445e+00
6.953635712425521032e-01 7.780716800105460962e+00
2.464779396416086621e-01 7.960379242554580514e+00
9.989999999992710267e-01 7.790251893590936838e+00
2.695788502002310905e-01 7.951371137692468949e+00
9.989999781750708019e-01 7.735089306290740652e+00
1.079798825947366758e-01 7.946090163699728315e+00
6.609317855200332881e-01 7.739213570189886759e+00
2.045670855608047456e-01 7.954659641149847360e+00
9.786378029033000470e-01 7.740066201740335217e+00
6.402883244830371856e-01 7.954359785469454103e+00
9.989999999999998881e-01 7.747381140509138397e+00
2.708742131267182218e-01 7.944270560698279304e+00
7.925365169129724441e-01 7.767577594532035334e+00
2.314253883524068911e-01 7.943609953043290872e+00
9.989999999814093146e-01 7.731434435537304140e+00
3.573851811976738735e-01 7.953870067289265045e+00
2.150961307192526262e-01 7.757134065654613053e+00
3.605833034726658171e-01 7.956049891673651508e+00
2.225663922276032158e-01 7.757284672963410621e+00
4.432923224351476010e-01 7.957660912442702461e+00
9.989999999999998881e-01 7.759557128693953310e+00
4.836255140069138647e-02 7.944185504644184270e+00
9.989999999999998881e-01 7.757368708726251505e+00
3.535478661540781276e-01 7.949355153809382735e+00
3.085343914781498720e-01 7.734582180005933338e+00
2.568103291762731111e-01 7.961662866986633169e+00
9.989999999979674028e-01 7.737174987241490776e+00
5.112214470443785519e-01 7.946223106178149642e+00
9.989999999999998881e-01 7.715089977184668157e+00
2.481961925530258295e-01 7.948003166663569985e+00
9.989999999999088498e-01 7.738181962845290585e+00
1.607713910067699870e-01 7.946154208628720461e+00
9.989999999866904234e-01 7.754880509125622545e+00
3.707856394024502400e-01 7.967430524256984725e+00
3.811995345949914515e-01 7.758299839832952571e+00
3.521104754103632772e-01 7.951899245456794496e+00
8.379450038856147698e-01 7.776218703031988255e+00
2.353256789696832330e-01 7.939477233173116488e+00
3.244300358488229619e-01 7.750943960011361433e+00
3.920477497953683832e-01 7.951521923203273445e+00
9.989999999999998881e-01 7.728904928753649095e+00
3.021135814160076372e-01 7.951685924287241747e+00
3.592439146335096312e-01 7.734781496615587670e+00
2.928077675317889428e-01 7.953072465417942993e+00
9.989999999999998881e-01 7.774829569271390461e+00
4.344305277934604748e-01 7.949809850239062392e+00
9.989999999999823466e-01 7.769878753330619503e+00
4.607312486885976610e-01 7.960011559946519100e+00
9.989999999999998881e-01 7.751701856954448466e+00
2.101740782905593130e-01 7.963509025831317700e+00
9.989999999996044266e-01 7.754625492202428028e+00
2.845079516424849353e-01 7.943301759406726781e+00
8.198413355742972808e-01 7.773919148411041924e+00
4.086839922800471481e-01 7.950838618119055567e+00
9.989999999999998881e-01 7.746191664874673144e+00
2.980464517725643359e-01 7.932217305491298553e+00
7.894340119554894564e-01 7.765288445976025855e+00
2.762834338355113495e-01 7.961077072348448525e+00
9.989999999999998881e-01 7.774788967228597691e+00
3.229110310048508570e-01 7.953625134053817547e+00
2.969411276601227612e-01 7.720632906250072480e+00
2.345957876035168199e-01 7.938112945232267847e+00
9.514563886867566378e-01 7.768455078461324881e+00
4.811918438975998358e-01 7.957776628492563731e+00
9.989944205696679180e-01 7.783440278149122982e+00
3.054313786991130208e-01 7.937638450860053041e+00
9.989999999994217950e-01 7.740203386688039977e+00
4.057422397249271229e-01 7.946747341791775554e+00
8.813803686540117033e-01 7.768573049408836972e+00
3.003992776058433956e-01 7.946820844444806298e+00
9.989999999999998881e-01 7.723152255021381585e+00
3.415513535510009691e-01 7.946521944709962426e+00
9.253404749165199394e-01 7.771527155483605398e+00
2.332611073711863825e-01 7.961568979047233263e+00
9.989999999999864544e-01 7.761594683035040632e+00
4.981523606773135548e-01 7.963919712307829357e+00
4.055598880456904864e-01 7.728578182788234052e+00
3.868856240770259247e-01 7.955340874153765895e+00
6.438045277366869490e-01 7.760800277870916197e+00
1.929365687548975639e-01 7.948833725167332886e+00
6.425809775011905867e-01 7.748677326451330671e+00
2.680423835128772914e-01 7.939031900950991982e+00
9.092643247523533034e-01 7.751010051367776654e+00
4.068614431885994587e-01 7.947178913399612021e+00
5.692111362139831154e-01 7.750542093966237722e+00
