4.064669534573795429e-01 7.939281922246439471e+00 9.989999999999510383e-01
1.000000000043349459e-03 7.739313517374204920e+00 1.000000461616144852e-03
6.468195964370728746e-01 7.941190411409627892e+00 9.989999999999998881e-01
9.989999997541607613e-01 7.765228853765723471e+00 3.871316714630916589e-02
5.321307102315238069e-01 7.938469495253047903e+00 9.989999999999917835e-01
9.989999999991142632e-01 7.755429505521879818e+00 5.950450088699422713e-01
9.989999978276424830e-01 7.954856865191842985e+00 9.989999999999998881e-01
1.650140340095158642e-01 7.748594101330906092e+00 9.989999979465746804e-01
4.727148711640258849e-01 7.936030131346049288e+00 9.989999998942304948e-01
9.989999999591433477e-01 7.758817871991832149e+00 9.989999999999938929e-01
7.245648705869680573e-01 7.957213469962561625e+00 9.989999999989561674e-01
9.989999999999982228e-01 7.763271145421335007e+00 7.871602878423046290e-01
4.106224824518975858e-01 7.948217580956968398e+00 9.989999999999816804e-01
9.989999998712638662e-01 7.754058656625914203e+00 5.226192939147874528e-01
1.624763728058950252e-01 7.943426701372461984e+00 9.989999999720604595e-01
9.989999998440869389e-01 7.726211555060054970e+00 1.000000214320653259e-03
7.166440832108503800e-01 7.945203077210472031e+00 9.989999996604825849e-01
6.306511002856286519e-01 7.741922763135844932e+00 9.989999999944221276e-01
5.298003435178767484e-01 7.945285423474302888e+00 9.989999999999207292e-01
9.989999985354334200e-01 7.738051365711217322e+00 1.000001063316356860e-03
9.288379602899023979e-01 7.950532873588982419e+00 9.989999996825520423e-01
9.989999999999468194e-01 7.781133843458887256e+00 1.000000015228823215e-03
4.109758054960809814e-01 7.935410722981790066e+00 9.989999999999383817e-01
4.680833659347176656e-01 7.783930566863369371e+00 1.000000004008217607e-03
9.989999999808841791e-01 7.953479532496091409e+00 9.989999999999984448e-01
9.989999999999998881e-01 7.770096488433662962e+00 1.000002461546753993e-03
8.267813195396643833e-01 7.944981346362965269e+00 9.989999999959134902e-01
9.989999999999998881e-01 7.770203310232294491e+00 1.000000000000002406e-03
5.859661850862771804e-01 7.960296076945387433e+00 9.989999999814176412e-01
9.989999993611178297e-01 7.792342444591067618e+00 5.071583580337774011e-01
7.263801105684994930e-01 7.946782663999993446e+00 9.989999999999986668e-01
1.923273567837774367e-01 7.719876535753834368e+00 9.989999999999998881e-01
4.745868368504375656e-01 7.968173827532521791e+00 9.989999998724413688e-01
9.231255517778905739e-01 7.756018479996173554e+00 9.989999999999416014e-01
6.176473912649516063e-01 7.952861904610416310e+00 9.989999999523550001e-01
9.989999979187402790e-01 7.749729958306832422e+00 4.624847558232358380e-01
7.812615106000239118e-01 7.946407888088429239e+00 9.989999999836373101e-01
1.000000043293302124e-03 7.735842057340925670e+00 8.395261301947648525e-02
4.352067702952024941e-01 7.933565540947086880e+00 9.989999999999750191e-01
9.989999999986437507e-01 7.735618150660075187e+00 6.621194644447718769e-01
8.632236972063098701e-01 7.957438503520543271e+00 9.989999999989179758e-01
2.624126524512903069e-01 7.732428763674895400e+00 9.989999918605777518e-01
5.972903529748470053e-01 7.949047770384733980e+00 9.989999999996270752e-01
9.276685694232387203e-01 7.754151150320581998e+00 9.989999999999986668e-01
7.300623469318636705e-01 7.954147174015917976e+00 9.989999999999970015e-01
9.989999966719861346e-01 7.746418158900415740e+00 9.303713684168425369e-01
5.057673144850138858e-01 7.933483323877475790e+00 9.989999999999777947e-01
1.142213138154994645e-01 7.751546203708079119e+00 1.000000000208727587e-03
6.112374083551553872e-01 7.943353013774765436e+00 9.989999999985663681e-01
9.989999994405677208e-01 7.747178530722595546e+00 9.507311077798737964e-01
4.385752868861362286e-01 7.935069930990536591e+00 9.989999999999996660e-01
1.000000016103300355e-03 7.737106269214380383e+00 5.766787146341381121e-01
3.129073629917779598e-01 7.942509780297793753e+00 9.989999999977471346e-01
9.989999999992349444e-01 7.747127110560269259e+00 8.980874654278158120e-01
9.989999998826299965e-01 7.960483639020140778e+00 9.989999999999998881e-01
9.989999999997438707e-01 7.759539993995966611e+00 8.077891623569137813e-01
8.333018226075478152e-01 7.970967867721873823e+00 9.989999999989140900e-01
9.989999999704316513e-01 7.781891293412581234e+00 1.000000075112226572e-03
2.433165596609933035e-01 7.941173711342392139e+00 9.989999999950102127e-01
7.998252656839386354e-01 7.753101980879035793e+00 1.000000272682064015e-03
3.151074586805441280e-01 7.944276163356629894e+00 9.989999999994531032e-01
1.388164621255307263e-01 7.726295115661772073e+00 1.000017597785944623e-03
3.166479903375888361e-01 7.957795060919857555e+00 9.989999999980999634e-01
9.989999999999081837e-01 7.767725797795273834e+00 1.000000000094159293e-03
6.541011973953299030e-01 7.937230961010826924e+00 9.989999999999935598e-01
1.000001117489701273e-03 7.761288800000440524e+00 1.565497944273974706e-01
4.782200642220200693e-01 7.936188435739929936e+00 9.989999998638929846e-01
9.989999999999998881e-01 7.747392029675964409e+00 1.000000000000000238e-03
3.935459266523441135e-01 7.938560921195943365e+00 9.989999999999987779e-01
1.239113137118801333e-01 7.728437863898660609e+00 9.989999999974400469e-01
4.478824712382268869e-01 7.956291760371528632e+00 9.989999999995470281e-01
9.989999999927882124e-01 7.763159766586983146e+00 1.000000003795669962e-03
7.369620051886026646e-01 7.951355684979954042e+00 9.989999999995458069e-01
9.989999999999983338e-01 7.744356113042806911e+00 1.000000000002317395e-03
6.744679124369203915e-01 7.944872704016225917e+00 9.989999999997268842e-01
1.000000093349096919e-03 7.741391740047738779e+00 1.800619806768761211e-01
8.202875664840409975e-01 7.943445752811143734e+00 9.989999999998885327e-01
9.989999999999987779e-01 7.772973231181521392e+00 1.000000000095508258e-03
6.694205492221192433e-01 7.949657552481114386e+00 9.989999999999340519e-01
9.989999999998607771e-01 7.785286699507901531e+00 9.989999999999998881e-01
3.938171552809970888e-01 7.939696327695227041e+00 9.989999999991602264e-01
9.989999999942261732e-01 7.769093997321109946e+00 1.000000003954342733e-03
4.523140801992153182e-01 7.933820880116654983e+00 9.989999997775419471e-01
7.881687011352830341e-01 7.756020040963116813e+00 9.989999999400420716e-01
8.731956499510773462e-01 7.956184024804278110e+00 9.989999999995526903e-01
3.133179697653192264e-01 7.769832119970430107e+00 1.000000002361046709e-03
3.134377992433035054e-01 7.941261311496489839e+00 9.989999999984084944e-01
9.989999976835138851e-01 7.764420537563147207e+00 1.000000000011936870e-03
4.561513391167703602e-01 7.942075539619878555e+00 9.989999997475801363e-01
9.989999999999704672e-01 7.743084274793556432e+00 1.000000000000753541e-03
6.720208531251672390e-01 7.945004264255635107e+00 9.989999999998727676e-01
9.989999999992090762e-01 7.765361836825301900e+00 9.989999999999998881e-01
3.628319366881672114e-01 7.943945129508922065e+00 9.989999998735294984e-01
9.989999999999997771e-01 7.738534376829990791e+00 7.153326526143142239e-01
7.023306920457565994e-01 7.941934448374580846e+00 9.989999998945353621e-01
8.265810873451981955e-01 7.765660428989152209e+00 1.000000258481300187e-03
5.940011115301627731e-01 7.955073405577921086e+00 9.989999999999121805e-01
9.989999997178472535e-01 7.742957075161707614e+00 1.000002080424515624e-03
5.852628638711205866e-01 7.938947979196054661e+00 9.989999999999032987e-01
1.000000001018350572e-03 7.732987996028397149e+00 1.407518714918435387e-01
7.435749829994230398e-01 7.946842118005525535e+00 9.989999999999462643e-01
9.989999987483986210e-01 7.744180646882398378e+00 1.000000052115719530e-03
5.214433960820740177e-01 7.963141373755943775e+00 9.989999999975111011e-01
9.989999999999998881e-01 7.766507180317899994e+00 1.000000000000108224e-03
5.277018408295582885e-01 7.944915921611709564e+00 9.989999999964761512e-01
9.989999999999930047e-01 7.770403877911759238e+00 9.653562110350629721e-01
3.808982403605193912e-01 7.950447676749210046e+00 9.989999999999904512e-01
9.871110415079989986e-01 7.763342231946129601e+00 1.000000158992761252e-03
7.259592107554800888e-01 7.959093067301998836e+00 9.989999999999975566e-01
9.989999990947960873e-01 7.755201854974869136e+00 7.986771410796963400e-01
7.488485712173531539e-01 7.953473700027712923e+00 9.989999999941291398e-01
9.989999838179980385e-01 7.779755439938396577e+00 1.000157697538224663e-03
9.080143324247482717e-01 7.947596694536508188e+00 9.989999999999989999e-01
3.217402853603784085e-01 7.738680060740565025e+00 9.989999999980393453e-01
8.493665520841422456e-01 7.941560081051819431e+00 9.989999999999573665e-01
9.989999999999991109e-01 7.759621349307786353e+00 5.257173726613976195e-01
7.660429633996362897e-01 7.955029834453310578e+00 9.989999999999998881e-01
9.989999999999690239e-01 7.760015182958655444e+00 1.000000000170443541e-03
3.857045525696142230e-01 7.942579767084218645e+00 9.989999999999995550e-01
9.989999999996284075e-01 7.749749431728142568e+00 1.000000000042346789e-03
7.397519033728064963e-01 7.949103561697863363e+00 9.989999999978800282e-01
9.989999999999998881e-01 7.746712318364160410e+00 9.989999999999998881e-01
6.249854400579414326e-01 7.953741965983391893e+00 9.989999998858409835e-01
3.505755075836309853e-01 7.762448263954234484e+00 9.989999900553129253e-01
4.952445741946650548e-01 7.952074344130346972e+00 9.989999999656675733e-01
9.989999999999975566e-01 7.758707077621825654e+00 1.000000000000531280e-03
8.067980619282829613e-01 7.946108370537866783e+00 9.989999999975638367e-01
6.034320173245087959e-01 7.753064709435041557e+00 9.989999998080715260e-01
3.086643210197430043e-01 7.941957821822328789e+00 9.989999999987659862e-01
2.474600028457674405e-01 7.724494971900276674e+00 1.000000004008809147e-03
3.195253856721004260e-01 7.943887713246485127e+00 9.989999995719375248e-01
9.989999999848656609e-01 7.758243293048582068e+00 8.239342040358802466e-01
5.512931276234041000e-01 7.950837240516502646e+00 9.989999999999960023e-01
8.283676580599317330e-01 7.755746315243085220e+00 9.989999999917767992e-01
8.092211212464168746e-01 7.937352975097010876e+00 9.989999999938561359e-01
1.000000006880968472e-03 7.732900918757979802e+00 5.812693151542512870e-01
5.434442066333233790e-01 7.940215810071116209e+00 9.989999999999971125e-01
9.989999999999737978e-01 7.754710423135705355e+00 1.000000000057832449e-03
9.989999999603679237e-01 7.950233570774523528e+00 9.989999999999998881e-01
7.893092851118248543e-01 7.751006801294757054e+00 9.989999999999998881e-01
8.724147536417502513e-01 7.958911728781120409e+00 9.989999999995060609e-01
9.989999999999998881e-01 7.733736852094021508e+00 1.000000000000000238e-03
4.893199036599312213e-01 7.951781701954875992e+00 9.989999999530319030e-01
9.012632917678365940e-01 7.762114690484900770e+00 1.000000002399310155e-03
5.921624597157173486e-01 7.947798492739419629e+00 9.989999999998567803e-01
9.989999999932915875e-01 7.747487267699399105e+00 1.000000000062228672e-03
9.702767755699295282e-01 7.954369910034652769e+00 9.989999999960422761e-01
9.989960359203386986e-01 7.781250920567324592e+00 1.000000004548394017e-03
4.753583739291212806e-01 7.942862673785145766e+00 9.989999998751680765e-01
9.989999999999852331e-01 7.769270274055098291e+00 6.149404057107246135e-01
9.977704814585348636e-01 7.965108752164261396e+00 9.989999999999517044e-01
9.989999999999998881e-01 7.769082734184085126e+00 1.000000000000015633e-03
6.541452202853699216e-01 7.947021329377877308e+00 9.989999999996926894e-01
9.989999990874706137e-01 7.744941056032057070e+00 6.751789753894096302e-01
6.174530731434836328e-01 7.950419919703784366e+00 9.989999999999998881e-01
9.989999999999984448e-01 7.775707575585265374e+00 9.989984377013594319e-01
8.250421742327224139e-01 7.963329331850436787e+00 9.989999999976650891e-01
6.410447408709881723e-01 7.758595625140664254e+00 9.989999999999273905e-01
2.341678013768985211e-01 7.943996036784156445e+00 9.989999961833466724e-01
2.304205332825299823e-01 7.774422089352018617e+00 1.000000051630742020e-03
5.417425278564244051e-01 7.944804586768409393e+00 9.989999999973733225e-01
1.000331778412451604e-03 7.738311310438229285e+00 3.350153137584509222e-02
6.692504367595268899e-01 7.939579623779574824e+00 9.989999999999146230e-01
8.605793931881078329e-01 7.755298781942208564e+00 9.989999955900171758e-01
5.670647587748727236e-01 7.939651721738123946e+00 9.989999999999998881e-01
7.801142151075266540e-01 7.739818508175346778e+00 1.109869968249539290e-01
5.708744375459064990e-01 7.961829225885876049e+00 9.989999999999998881e-01
4.704838930747806680e-01 7.759977121972812419e+00 9.989999999999984448e-01
5.799127591366113332e-01 7.939168352519088145e+00 9.989999999551077980e-01
2.257106382123117705e-01 7.765904474757686415e+00 2.966728691133086460e-01
5.722597198422388898e-01 7.945155285019183999e+00 9.989999999999998881e-01
9.831484440037275840e-01 7.729188896152682453e+00 9.989999995757344875e-01
3.687353260305029079e-01 7.948071580330674735e+00 9.989999999999991109e-01
9.989999857781561854e-01 7.759601536057064486e+00 3.281507869395907523e-02
7.422047523270302039e-01 7.966048188428120014e+00 9.989999999998733227e-01
4.429651092373510513e-01 7.744532786272226410e+00 9.989999999999985558e-01
6.029474659369954415e-01 7.953719788446946382e+00 9.989999999994311208e-01
8.471024175715829996e-01 7.791812026360227961e+00 1.000000000000000238e-03
4.153534073791993464e-01 7.948221766791231602e+00 9.989999999999997771e-01
9.989999999999994440e-01 7.775059933075905150e+00 1.000000000004815396e-03
8.003381739372682491e-01 7.948963553464237997e+00 9.989999999999129576e-01
9.989999999999994440e-01 7.775386941632328686e+00 9.989999999999998881e-01
9.989999999999998881e-01 7.960283247410871788e+00 9.989999999999998881e-01
2.259687302605225268e-01 7.770964831646018034e+00 1.000000089129151346e-03
4.189651392241722228e-01 7.948370235105057802e+00 9.989999999999987779e-01
8.686558054259927442e-01 7.764881734704984773e+00 9.989999999999998881e-01
7.923282436439493814e-01 7.959964606073080873e+00 9.989999999999850111e-01
9.989999999999780167e-01 7.749044486140833854e+00 7.078578932527343492e-02
8.552233195190911408e-01 7.955914964939686307e+00 9.989999999999771285e-01
8.433333387784258672e-01 7.764311630233447836e+00 9.989999999999881197e-01
1.936518718344283629e-01 7.937384189083865671e+00 9.989999999990171187e-01
2.696768700591258838e-01 7.761600556427816322e+00 9.989999999999998881e-01
6.151314463905843688e-01 7.943376445132020791e+00 9.989999999387940699e-01
9.989992060239677452e-01 7.734917092923901727e+00 9.989999999999802371e-01
4.913179735258556557e-01 7.951145310229419394e+00 9.989999999578372814e-01
9.989999999919043638e-01 7.769688049152631670e+00 3.233970042602649642e-01
4.764733275083793407e-01 7.943501814401159322e+00 9.989999999282830334e-01
4.186005964213521668e-01 7.725489602876633555e+00 1.000000021488658313e-03
9.989999999364016503e-01 7.953134005541616425e+00 9.989999999999998881e-01
7.585891431597217016e-01 7.747954432479749798e+00 9.989999999999918945e-01
0.000000000000000000e+00 0.000000000000000000e+00 0.000000000000000000e+00
0.000000000000000000e+00 0.000000000000000000e+00 0.000000000000000000e+00
0.000000000000000000e+00 0.000000000000000000e+00 0.000000000000000000e+00
0.000000000000000000e+00 0.000000000000000000e+00 0.000000000000000000e+00
0.000000000000000000e+00 0.000000000000000000e+00 0.000000000000000000e+00
0.000000000000000000e+00 0.000000000000000000e+00 0.000000000000000000e+00
0.000000000000000000e+00 0.000000000000000000e+00 0.000000000000000000e+00
0.000000000000000000e+00 0.000000000000000000e+00 0.000000000000000000e+00
0.000000000000000000e+00 0.000000000000000000e+00 0.000000000000000000e+00
0.000000000000000000e+00 0.000000000000000000e+00 0.000000000000000000e+00
0.000000000000000000e+00 0.000000000000000000e+00 0.000000000000000000e+00
0.000000000000000000e+00 0.000000000000000000e+00 0.000000000000000000e+00
0.000000000000000000e+00 0.000000000000000000e+00 0.000000000000000000e+00
0.000000000000000000e+00 0.000000000000000000e+00 0.000000000000000000e+00
0.000000000000000000e+00 0.000000000000000000e+00 0.000000000000000000e+00
0.000000000000000000e+00 0.000000000000000000e+00 0.000000000000000000e+00
0.000000000000000000e+00 0.000000000000000000e+00 0.000000000000000000e+00
0.000000000000000000e+00 0.000000000000000000e+00 0.000000000000000000e+00
0.000000000000000000e+00 0.000000000000000000e+00 0.000000000000000000e+00
0.000000000000000000e+00 0.000000000000000000e+00 0.000000000000000000e+00
0.000000000000000000e+00 0.000000000000000000e+00 0.000000000000000000e+00
0.000000000000000000e+00 0.000000000000000000e+00 0.000000000000000000e+00
0.000000000000000000e+00 0.000000000000000000e+00 0.000000000000000000e+00
0.000000000000000000e+00 0.000000000000000000e+00 0.000000000000000000e+00
0.000000000000000000e+00 0.000000000000000000e+00 0.000000000000000000e+00
0.000000000000000000e+00 0.000000000000000000e+00 0.000000000000000000e+00
0.000000000000000000e+00 0.000000000000000000e+00 0.000000000000000000e+00
0.000000000000000000e+00 0.000000000000000000e+00 0.000000000000000000e+00
0.000000000000000000e+00 0.000000000000000000e+00 0.000000000000000000e+00
0.000000000000000000e+00 0.000000000000000000e+00 0.000000000000000000e+00
0.000000000000000000e+00 0.000000000000000000e+00 0.000000000000000000e+00
0.000000000000000000e+00 0.000000000000000000e+00 0.000000000000000000e+00
0.000000000000000000e+00 0.000000000000000000e+00 0.000000000000000000e+00
0.000000000000000000e+00 0.000000000000000000e+00 0.000000000000000000e+00
0.000000000000000000e+00 0.000000000000000000e+00 0.000000000000000000e+00
0.000000000000000000e+00 0.000000000000000000e+00 0.000000000000000000e+00
0.000000000000000000e+00 0.000000000000000000e+00 0.000000000000000000e+00
0.000000000000000000e+00 0.000000000000000000e+00 0.000000000000000000e+00
0.000000000000000000e+00 0.000000000000000000e+00 0.000000000000000000e+00
0.000000000000000000e+00 0.000000000000000000e+00 0.000000000000000000e+00
0.000000000000000000e+00 0.000000000000000000e+00 0.000000000000000000e+00
0.000000000000000000e+00 0.000000000000000000e+00 0.000000000000000000e+00
0.000000000000000000e+00 0.000000000000000000e+00 0.000000000000000000e+00
0.000000000000000000e+00 0.000000000000000000e+00 0.000000000000000000e+00
0.000000000000000000e+00 0.000000000000000000e+00 0.000000000000000000e+00
0.000000000000000000e+00 0.000000000000000000e+00 0.000000000000000000e+00
0.000000000000000000e+00 0.000000000000000000e+00 0.000000000000000000e+00
0.000000000000000000e+00 0.000000000000000000e+00 0.000000000000000000e+00
0.000000000000000000e+00 0.000000000000000000e+00 0.000000000000000000e+00
0.000000000000000000e+00 0.000000000000000000e+00 0.000000000000000000e+00
9.202442340864473991e-01 7.950706045836808400e+00 9.989999999999266134e-01
1.000022268076497349e-03 7.744650475060298689e+00 3.153350292186740678e-02
6.098269645907383740e-01 7.944616901658572594e+00 9.989999999999998881e-01
5.492424989459657736e-01 7.761021726445774149e+00 9.989999999999998881e-01
7.387365781070353021e-01 7.944095399752789888e+00 9.989999999982686063e-01
9.989999995542212519e-01 7.763955693505510958e+00 1.000000021122977954e-03
5.470705665861456124e-01 7.949565075608631126e+00 9.989999999999998881e-01
9.989999999999897851e-01 7.759222858049784399e+00 6.598694655440453527e-01
9.392430008707237654e-01 7.948188069386434407e+00 9.989999998237140133e-01
9.989999989476719966e-01 7.760818420677149554e+00 9.459271573364703700e-01
9.989999605520714088e-01 7.957234898597836725e+00 9.989999999999998881e-01
9.989999999999379376e-01 7.706951530467703648e+00 1.000000000046893933e-03
7.219425285607560250e-01 7.958106723913551228e+00 9.989999993912428433e-01
7.194333610135528190e-01 7.766954208136570337e+00 9.989999988817017673e-01
5.137051118352848889e-01 7.943103517577554840e+00 9.989999999997375424e-01
9.989999999990266666e-01 7.731164179821122140e+00 9.989999999999998881e-01
5.108848998621557946e-01 7.940686675386876558e+00 9.989999999999635838e-01
1.324876117947778043e-01 7.742408192942653145e+00 9.989999962768754127e-01
5.186887948946418136e-01 7.964086722567382814e+00 9.989999999994135793e-01
9.989999999999998881e-01 7.768463721918562825e+00 1.000000000000003057e-03
5.734256989506578694e-01 7.948373005471571773e+00 9.989999999559431298e-01
9.989999999999352731e-01 7.775576601066200411e+00 1.000000000002529464e-03
6.765727413630338027e-01 7.942893340885154529e+00 9.989999999999995550e-01
9.989999999999998881e-01 7.725917559543301394e+00 1.000000000000004574e-03
7.651918980678366067e-01 7.945330794926620754e+00 9.989999999979054524e-01
9.989999999999833458e-01 7.780312098151535238e+00 1.000000001567812307e-03
7.787096082060382951e-01 7.960513909113554831e+00 9.989999999999737978e-01
5.848430117798520539e-02 7.753661646678484232e+00 1.000000115311351417e-03
7.216709255877280516e-01 7.950793633613466582e+00 9.989999999986119983e-01
1.000000000019964520e-03 7.750656339439363940e+00 1.000000000000055966e-03
7.456447115412901949e-01 7.956345014625943790e+00 9.989999999995136104e-01
9.989999999998288027e-01 7.792266689118741319e+00 1.000000000934642575e-03
8.145206224428529485e-01 7.965750838282476209e+00 9.989999999943933728e-01
9.989999994432526842e-01 7.781600823263048916e+00 1.000603215191358305e-03
7.552775581109473224e-01 7.943179404652875419e+00 9.989999999999998881e-01
9.108364520577912904e-01 7.772910710137798773e+00 1.000000000000003057e-03
6.841988092661356324e-01 7.946754333462970443e+00 9.989999997658123299e-01
9.989999999797464225e-01 7.751404970434218278e+00 1.000000000000104104e-03
9.989958550056502462e-01 7.949796111115277064e+00 9.989999999999998881e-01
9.989998022585473425e-01 7.769771996883368281e+00 1.000012990998123182e-03
5.702099590663802786e-01 7.939130447733982798e+00 9.989999996058259724e-01
9.989999999982221990e-01 7.767472430412059481e+00 1.487416249732820550e-01
6.892609791254623586e-01 7.955564975048565302e+00 9.989999994230531755e-01
4.839428085258879464e-01 7.767956377279109148e+00 4.053870677521897448e-01
4.778268139495181477e-01 7.945910270289270549e+00 9.989999999098112538e-01
2.641397826509997437e-01 7.755561193986960866e+00 1.000000000414857839e-03
9.989999999954468635e-01 7.943207002937452188e+00 9.989999999999998881e-01
7.415789191791563040e-01 7.763428456579297254e+00 9.989999999997898339e-01
2.977967017462365140e-01 7.942057027077574105e+00 9.989999999999998881e-01
2.237804063524943821e-01 7.764447476994853048e+00 1.000000128785644279e-03
5.996520019644263622e-01 7.953918245553340149e+00 9.989999999997332125e-01
9.989999484162491727e-01 7.784705735639836810e+00 5.822482782680171720e-01
8.839813780063227044e-01 7.949679486398436801e+00 9.989999999992476010e-01
9.765134148000866876e-01 7.762542889383817091e+00 1.000000926860569652e-03
5.616102563037661533e-01 7.939394321445597313e+00 9.989999999999998881e-01
9.989999744605310150e-01 7.781335697937081797e+00 9.989999999928700358e-01
7.608032630641785587e-01 7.956001107527409744e+00 9.989999999995304858e-01
9.989999996371770052e-01 7.740049762834134484e+00 6.606489187314281697e-01
8.458707329100639827e-01 7.959621754644430780e+00 9.989999999988349311e-01
9.989999999999390479e-01 7.759737027204280935e+00 9.989999999999996660e-01
5.961163814642331804e-01 7.955039261980322962e+00 9.989999999995888835e-01
4.867427343818683805e-01 7.758877973003094120e+00 1.000000016484477216e-03
4.416668965771415878e-01 7.951145976888009059e+00 9.989999998164484918e-01
9.989999995606685390e-01 7.755716205175088973e+00 8.608605994260996042e-01
3.546322991012827996e-01 7.937205811406016664e+00 9.989999999994678692e-01
9.989999999999682467e-01 7.757738830498857041e+00 1.000000000048997719e-03
7.960444213582515971e-01 7.954951825473081328e+00 9.989999999966014954e-01
9.989999999999998881e-01 7.749535346548292125e+00 1.000000000000108007e-03
5.457154542566963196e-01 7.947275740027309077e+00 9.989999999999970015e-01
9.989999999830690980e-01 7.782737666398360510e+00 5.568162849452318319e-01
3.598943776357578783e-01 7.943155521963488397e+00 9.989999997663778775e-01
9.299498238292801533e-01 7.769090382260418259e+00 9.989999999999976676e-01
6.373623214786769964e-01 7.958741080967686621e+00 9.989999997500246254e-01
9.989999999999378266e-01 7.762082637805606922e+00 1.000000000111427381e-03
4.093232855759164068e-01 7.943920117572567108e+00 9.989999999999997771e-01
9.989986587446525457e-01 7.766754892605088223e+00 1.000337054179540426e-03
4.307343701304168770e-01 7.945937663370306048e+00 9.989999999999481517e-01
9.989999998508544143e-01 7.767177726381587988e+00 5.078598627737058724e-01
2.521758802507514385e-01 7.942789263768337271e+00 9.989999999997555280e-01
9.989999999999750191e-01 7.763004780774567237e+00 8.599226078585591182e-01
6.114265606663868979e-01 7.958169946531604921e+00 9.989999999987303481e-01
3.312365992486634436e-01 7.770756477955607977e+00 1.000009567820177867e-03
8.201773471322496567e-01 7.956935335762624462e+00 9.989999999969851885e-01
9.989999999999998881e-01 7.759473034642743627e+00 1.000000000000000238e-03
7.543224420896658122e-01 7.951925483954579654e+00 9.989999999961975963e-01
8.203592826461688636e-01 7.759503791043546705e+00 9.989999999987524415e-01
7.211151116468933475e-01 7.947300970685661881e+00 9.989999999959824351e-01
9.989999999999504832e-01 7.747972167954208622e+00 1.000000000001962210e-03
6.903637080405974347e-01 7.949292443369057715e+00 9.989999999974695788e-01
6.368277735427313457e-01 7.743266334017010699e+00 1.551947401302413987e-01
9.014705782058547445e-01 7.964146900659055284e+00 9.989999999999895630e-01
3.070252148005145898e-01 7.775050401097725050e+00 1.000000000000000238e-03
4.135707034138312865e-01 7.944543908701358070e+00 9.989999999999638058e-01
9.989999999999998881e-01 7.757306275049486111e+00 1.000000000000000238e-03
2.815706951127945334e-01 7.930143813667998920e+00 9.989999999999998881e-01
9.989999999981896694e-01 7.747492436030403162e+00 3.063057342068034039e-01
6.319501104318301365e-01 7.949633263322339438e+00 9.989999999999998881e-01
9.989999999999956692e-01 7.767502358346731306e+00 8.716822910386504697e-01
5.563880388036180902e-01 7.960535551563192591e+00 9.989999999999983338e-01
9.989999999999986668e-01 7.757543426423405997e+00 1.000000000004400147e-03
5.950189685606827039e-01 7.952203199488407925e+00 9.989999999998007141e-01
5.169357926239879220e-01 7.761581288753941266e+00 9.989999999999998881e-01
6.732059118100135464e-01 7.957282176008140695e+00 9.989999999999993330e-01
8.731150680199369907e-01 7.742840175188573149e+00 1.000000000113934273e-03
6.756558210323254654e-01 7.947414849234266221e+00 9.989999999967533739e-01
9.989999999999998881e-01 7.789139698907699305e+00 1.000000000000028427e-03
9.989999559653778283e-01 7.949505656148166288e+00 9.989999999994584323e-01
9.448976563763384906e-01 7.725421744952648773e+00 1.000000364745213871e-03
6.959308190471609201e-01 7.947365889704498088e+00 9.989999999999986668e-01
6.418132285909060597e-01 7.730362554434889510e+00 9.989999999811723930e-01
6.396392835324440362e-01 7.945942752522297425e+00 9.989999999999992220e-01
9.989999897803238937e-01 7.749850902380738482e+00 1.000026474553108828e-03
5.164440451468813587e-01 7.944316649412997755e+00 9.989999999999998881e-01
9.989999999999628066e-01 7.743875999389365106e+00 1.000000000015717266e-03
6.203356868041245420e-01 7.938141158046088108e+00 9.989999998822182148e-01
9.989999999935045283e-01 7.788407755395765797e+00 1.078133029187965108e-01
7.389401575380011300e-01 7.957308293219916173e+00 9.989999999999998881e-01
1.000000020287417383e-03 7.722238405756363555e+00 2.429449260467625438e-01
6.507795160481617547e-01 7.937611076102316865e+00 9.989999999999998881e-01
6.395562396909095781e-01 7.752022886304958504e+00 1.000000081690421158e-03
5.832640225058207673e-01 7.949512425273561611e+00 9.989999999367119576e-01
9.989999999344996162e-01 7.769595753479891620e+00 2.672718728482965933e-02
2.244702459716762244e-01 7.960314547328269263e+00 9.989999999992937862e-01
9.989999999999520375e-01 7.774607661196045960e+00 5.739015004121266195e-01
2.731842447969764498e-01 7.953713087234137724e+00 9.989999999991981960e-01
9.989999999999995550e-01 7.767226659729458582e+00 9.989999999999998881e-01
9.885366687226005977e-01 7.971162920369383897e+00 9.989999999989132018e-01
9.989999999991781010e-01 7.759807804343643589e+00 1.000000000003845252e-03
7.909923309558609672e-01 7.941963131887563421e+00 9.989999999978904643e-01
9.989998678051906777e-01 7.764212350369684046e+00 1.000267470961968205e-03
6.540252320901748240e-01 7.945802137925508823e+00 9.989999999999982228e-01
5.834965927405334485e-01 7.731355404106506235e+00 9.989997686379935571e-01
7.367765745311015690e-01 7.954658391446590926e+00 9.989999999995402558e-01
8.318900831787314765e-01 7.754694439009626628e+00 9.989999583366724334e-01
3.358988252638799854e-01 7.954078213793336793e+00 9.989999999996356239e-01
1.086917968230559361e-01 7.717902871556908906e+00 9.989999989575181205e-01
7.768898561477216580e-01 7.963436301051987520e+00 9.989999999999922276e-01
9.636396035056068454e-01 7.759253054724552179e+00 9.989999999999998881e-01
6.484051311630102399e-01 7.941646840003110164e+00 9.989999999999822355e-01
9.989999999999840119e-01 7.727098999675830804e+00 1.000000000009432146e-03
3.969722961356513258e-01 7.949537817966131570e+00 9.989999997161816969e-01
9.989999999999998881e-01 7.749794537576714326e+00 1.000000000000355422e-03
1.930600731777837586e-01 7.934336613545630357e+00 9.989999999966348021e-01
9.989999999999998881e-01 7.755050037140528651e+00 1.660316091013508411e-01
5.579473647493123911e-01 7.953874470382649164e+00 9.989999999999998881e-01
9.989999999999998881e-01 7.755358569225163201e+00 1.000000000000002623e-03
3.325674570429092980e-01 7.942976622224937167e+00 9.989999999999998881e-01
1.010505521367834197e-01 7.765499258305609942e+00 1.000000091217691190e-03
9.989999999991810986e-01 7.960601690817763476e+00 9.989999999999998881e-01
7.993463963637218450e-01 7.760155320550230051e+00 9.989999999995998747e-01
5.699330628692214074e-01 7.949933141525892921e+00 9.989999999999998881e-01
2.442072125869813870e-01 7.743748553085426423e+00 1.000000000002180351e-03
8.909852845675383382e-01 7.945749933992392045e+00 9.989999999983164569e-01
9.989999836706651148e-01 7.783254771901695790e+00 1.000094100633214418e-03
6.434435514502296893e-01 7.951060403576149405e+00 9.989999999999835678e-01
8.547039101431513908e-01 7.790240243871513925e+00 9.989999999991771018e-01
6.047516277964427589e-01 7.948281100294702028e+00 9.989999999999998881e-01
9.989999999999997771e-01 7.778307150829484762e+00 6.289668472049727566e-01
4.765051352496384451e-01 7.961008680468475873e+00 9.989999996919067815e-01
9.989999999964596089e-01 7.763354495287766888e+00 8.682488550292394303e-01
9.241045491278196966e-01 7.946684471548513429e+00 9.989999998151143368e-01
9.989999999999998881e-01 7.771905233105891320e+00 3.508359330103902329e-01
4.877630424424480027e-01 7.943757750809032459e+00 9.989999999089131943e-01
9.989999999999998881e-01 7.762511082693714037e+00 7.628499659582625714e-02
4.214734049268371030e-01 7.945596342676156887e+00 9.989999999998387947e-01
2.878211736338324722e-01 7.760924712667987890e+00 9.989999999423445631e-01
4.098522011686404620e-01 7.945965970199149631e+00 9.989999993490049635e-01
1.000000342900563000e-03 7.740745446310175026e+00 4.957226543909488137e-01
5.499653271595015269e-01 7.949725471535098897e+00 9.989999999999997771e-01
1.000000000000600886e-03 7.709108192187148489e+00 7.101827018629060240e-02
6.834601188397766425e-01 7.946541641042590420e+00 9.989999999999619185e-01
9.989999976047118091e-01 7.745813533072706925e+00 4.745201636401978895e-01
8.382465699593054653e-01 7.946546971915957158e+00 9.989999999913371509e-01
1.000001053901837349e-03 7.744746412768356514e+00 3.548919855411047375e-01
4.164280552189175699e-01 7.948347679982440184e+00 9.989999997975292922e-01
9.989999999983566470e-01 7.771131044220536133e+00 3.864302576969852465e-01
5.567268340803788185e-01 7.950878090694939893e+00 9.989999999999997771e-01
4.380525157880759690e-01 7.703485015021197313e+00 9.989999998885320531e-01
8.890461928362052291e-01 7.949699400000040050e+00 9.989999999999954472e-01
9.989999999999992220e-01 7.730666790884291650e+00 1.000000000000179998e-03
9.064185105778205243e-01 7.948758485695992526e+00 9.989999999999813474e-01
9.989999997402440046e-01 7.727360460140994647e+00 1.000000788934133321e-03
4.068023571863577104e-01 7.939558944045248090e+00 9.989999999999942260e-01
9.989999999909392470e-01 7.749762623793762017e+00 1.000000000019072872e-03
7.531359887934140351e-01 7.953501638618433844e+00 9.989999999999776836e-01
9.989999999999998881e-01 7.761296735846291206e+00 1.000000000000017368e-03
9.989999999867863467e-01 7.955941160661101463e+00 9.989999999999998881e-01
9.989999999642059647e-01 7.742500745739075541e+00 5.907062951879294976e-01
4.161656817235421246e-01 7.933293626915863150e+00 9.989999999999998881e-01
8.667822188597786859e-01 7.766701787975817339e+00 9.989999999999998881e-01
4.682421896861899691e-01 7.953925871840449524e+00 9.989999998516609914e-01
4.394326403671780512e-01 7.765197330925173169e+00 9.989999999999998881e-01
4.494716131001770254e-01 7.938945939140366725e+00 9.989999999203253989e-01
7.860215109912784825e-01 7.760897784821561451e+00 5.674396416628995077e-01
8.415861702964279045e-01 7.952037521217492078e+00 9.989999999998667723e-01
9.989999999950658349e-01 7.783774044799725900e+00 8.470197600269070426e-01
9.601351202699163201e-01 7.961672999868127043e+00 9.989999999995441415e-01
9.989999610491098192e-01 7.771833176410218869e+00 1.000006487155173738e-03
6.137301443596204775e-01 7.952401121492112424e+00 9.989999999999998881e-01
9.989999999658161212e-01 7.744931532676874397e+00 5.502443443261011424e-01
8.501128362045484721e-01 7.950628173846983060e+00 9.989999999999998881e-01
9.789967110279733653e-01 7.774975562927760819e+00 9.989999999111310869e-01
6.837530819674980664e-01 7.944779697484048775e+00 9.989999999947589693e-01
9.989999999999998881e-01 7.791206075023518807e+00 5.630567329192228687e-01
7.445915660903356104e-01 7.934987459093389539e+00 9.989999999999963354e-01
9.989999999985497148e-01 7.784123087793916262e+00 5.339774521334833546e-01
8.138372045411801370e-01 7.951684574626153967e+00 9.989999991627025455e-01
9.989999234051927246e-01 7.748628578192097827e+00 1.000153919385991536e-03
9.989999998369011314e-01 7.944146072615491327e+00 9.989999999999998881e-01
3.847230936775236088e-01 7.738158704794791731e+00 9.989999996354592682e-01
9.989999999990113455e-01 7.950694657707447988e+00 9.989999999999998881e-01
9.989999999999945590e-01 7.738640517486678583e+00 7.186595612340068717e-01
7.947119093386744160e-01 7.946829039487596447e+00 9.989999999999863434e-01
1.794737809178766907e-01 7.722175971787860860e+00 9.989999999586034463e-01
8.263590635721829170e-01 7.957076900375960271e+00 9.989999997279336297e-01
1.631302632548939646e-01 7.764183546434772154e+00 1.000001314017518080e-03
3.994499926154696512e-01 7.952375156815526758e+00 9.989999999993318669e-01
9.989999999985276213e-01 7.771876293870290553e+00 1.000000017381882196e-03
7.416729100213026449e-01 7.960994014975319999e+00 9.989999999951308940e-01
9.989999999999998881e-01 7.708698226692063393e+00 9.989999836003170541e-01
7.422439209042795971e-01 7.941866875625870570e+00 9.989999999980858636e-01
9.989999999999997771e-01 7.744227303469637391e+00 1.000000000000215994e-03
9.989999999988676826e-01 7.980476101700092251e+00 9.989999999999998881e-01
9.989999540802237954e-01 7.760501609096172260e+00 1.000023037410223414e-03
7.611188816946692359e-01 7.948920387967260304e+00 9.989999999884391357e-01
9.989999748066983321e-01 7.740487701267599441e+00 3.669172785088746225e-01
6.990585683367940284e-01 7.961790872467413571e+00 9.989999999915762929e-01
1.000000000000000238e-03 7.746933181409154656e+00 1.000000000003276697e-03
9.989999916910590194e-01 7.967719786161942430e+00 9.989999999999470415e-01
9.989999999960930133e-01 7.747389430340938077e+00 1.000000010506962075e-03
4.959355887397750018e-01 7.951746945912114839e+00 9.989999999999986668e-01
9.989999999998698810e-01 7.764240839188677690e+00 5.274517432455352178e-02
6.159116797919711450e-01 7.954445326369718572e+00 9.989999999602847680e-01
9.989999999999998881e-01 7.785536764650666797e+00 1.000000000000129475e-03
8.869602208248097419e-01 7.938291591340004949e+00 9.989999999999267244e-01
9.989999999937051456e-01 7.755161041516081433e+00 1.000000000295195313e-03
7.416934370333856386e-01 7.955116357893833978e+00 9.989999999999902291e-01
1.440498476352863322e-01 7.762970356146131401e+00 1.000000000000050978e-03
5.226502822662645320e-01 7.943972895159832071e+00 9.989999999999013003e-01
9.989999999912427819e-01 7.771840589800628862e+00 1.000000010887069262e-03
8.072380688271245663e-01 7.942800765709087329e+00 9.989999999996621582e-01
9.989999999999986668e-01 7.754375267874147326e+00 9.989999999999998881e-01
5.419316394172164486e-01 7.956608894973514978e+00 9.989999999999755742e-01
9.859840902356767911e-01 7.778745662238753411e+00 4.273438642516912966e-01
7.689772708218610697e-01 7.950939792551952934e+00 9.989999999979767287e-01
9.989999999999995550e-01 7.765103528604762495e+00 4.362420857335916891e-01
6.508536391514196939e-01 7.957709386281084818e+00 9.989999999999992220e-01
9.989999999995479163e-01 7.772206781539604314e+00 1.000003944977435454e-03
4.986487319432742482e-01 7.948734741470388165e+00 9.989999999855088131e-01
9.989999997314810143e-01 7.736506423702063984e+00 1.000000542972183295e-03
8.708155308791425409e-01 7.950600076748999712e+00 9.989999999999998881e-01
9.989999999956538090e-01 7.755994740034320323e+00 1.000000076984189660e-03
3.988158429333493182e-01 7.950455772075343042e+00 9.989999999787243512e-01
9.989999999999998881e-01 7.767467214409277787e+00 1.000000000000000671e-03
7.192103577606335785e-01 7.941798663481272946e+00 9.989999999400746011e-01
9.989999999999998881e-01 7.769516651821224862e+00 1.000000000000090877e-03
3.496519186899745280e-01 7.952376123685125364e+00 9.989999999999996660e-01
7.698677800200048882e-01 7.772283671015725481e+00 9.989999999896116423e-01
4.340079550223969185e-01 7.962137510977695953e+00 9.989999999999991109e-01
9.989999999997709601e-01 7.703031036820934041e+00 8.859730118994531001e-01
9.989999999747649628e-01 7.964813640302063291e+00 9.989999999999998881e-01
9.989999999996589386e-01 7.767415217003133421e+00 1.000000001289462264e-03
7.022387555857790842e-01 7.944467828310715518e+00 9.989999999999871205e-01
7.271663306123145043e-01 7.760445723431185883e+00 1.000000003995869845e-03
5.649795427245954960e-01 7.946645066717447747e+00 9.989999999999998881e-01
9.989999999525862595e-01 7.750003932265033590e+00 5.286319431960281312e-01
2.050304324681292700e-01 7.945746903896884206e+00 9.989999999730145852e-01
1.617764016809635497e-01 7.757394834339933709e+00 3.419147851404850669e-01
7.701961819335132464e-01 7.945980482427444258e+00 9.989999999987317914e-01
6.091334994522076274e-01 7.760604050558552736e+00 1.000000000003124691e-03
4.119135496588245959e-01 7.947220073764020398e+00 9.989999999999989999e-01
9.251528863623404986e-01 7.747808456167161850e+00 9.989999946751200177e-01
3.427329438771805070e-01 7.958304895211097296e+00 9.989999996376713876e-01
5.644461036282776289e-01 7.758676739697025759e+00 9.989999999995655688e-01
5.343100633875532690e-01 7.947353754799826753e+00 9.989999999999726876e-01
9.989999999999390479e-01 7.757282143171673638e+00 3.244734937918191675e-01
9.989999999999998881e-01 7.953369348653453130e+00 9.989999999999998881e-01
8.900775495504968937e-01 7.769273157404007257e+00 1.000000001197418921e-03
7.646850910771209042e-01 7.959878618503899439e+00 9.989999999998976365e-01
9.989999974613319456e-01 7.755751580011068569e+00 1.000001325973789339e-03
3.611386466326884093e-01 7.945504350272384997e+00 9.989999999999998881e-01
9.989999999999998881e-01 7.749578890312618817e+00 9.315004887677659218e-01
9.485455867391350271e-01 7.948943441834522616e+00 9.989999998417128380e-01
9.989999999999998881e-01 7.764620044932727616e+00 1.000000000000001756e-03
3.516966300580096627e-01 7.940495838040580345e+00 9.989999999999847891e-01
9.989999999639289641e-01 7.779745513449406680e+00 1.000000001552337273e-03
7.062348761284819032e-01 7.958895981047310997e+00 9.989999999986896029e-01
9.989999998619275567e-01 7.761018984446717006e+00 4.754502683274560160e-01
5.955018635926991877e-01 7.947727985697755848e+00 9.989999999998693259e-01
9.989999999999998881e-01 7.752631213732997573e+00 1.000000000000031246e-03
4.220768763614894947e-01 7.949124148352231245e+00 9.989999999999998881e-01
9.989999999999987779e-01 7.730601074662180494e+00 1.000000000005937329e-03
3.464450599016271060e-01 7.948530497087171298e+00 9.989999997529973585e-01
3.770032671999767881e-01 7.757212732413947265e+00 1.356430624995682011e-01
5.373987643693102223e-01 7.952062379201796816e+00 9.989999999999998881e-01
6.749253717524222873e-01 7.752970111126881392e+00 9.989999994547997808e-01
7.288088399097745196e-01 7.952136152340267827e+00 9.989999999993769420e-01
9.989999999999873426e-01 7.756988746277942326e+00 4.342393127662573793e-01
3.514587177983044541e-01 7.958028988226943490e+00 9.989999998822579608e-01
7.372572352232770188e-01 7.761031594902513930e+00 9.989999999999183977e-01
6.562854313479205004e-01 7.953645495773101537e+00 9.989999999983357748e-01
9.737489407270075725e-01 7.767618336284361824e+00 9.989999685890386116e-01
7.201613911136028889e-01 7.936292940066249635e+00 9.989999998150436156e-01
6.715733105233387956e-01 7.759721063166985289e+00 9.989999995953501299e-01
7.442190403304825841e-01 7.954126738224277737e+00 9.989999999975899270e-01
9.989999999999998881e-01 7.785719608037417139e+00 1.000000000000210356e-03
4.136030636546788042e-01 7.945643713204033176e+00 9.989999999999875646e-01
3.224285530380702203e-01 7.739814376918628724e+00 9.989999996834630913e-01
4.352361861110802255e-01 7.938150546063111435e+00 9.989999999999998881e-01
9.989999999999998881e-01 7.758470822803611000e+00 6.054406898483664090e-01
6.801173875738570906e-01 7.949151482384118061e+00 9.989999999999950031e-01
6.890148642231935794e-01 7.780307426721654984e+00 9.989999997215363026e-01
6.510001658573049133e-01 7.959324032529968562e+00 9.989999999999940039e-01
8.711631687448010905e-03 7.744488525829146042e+00 1.000000707441193537e-03
9.989999999999998881e-01 7.953302777855076222e+00 9.989999999999565894e-01
9.989999999257606067e-01 7.776138736907843629e+00 9.989999999999998881e-01
7.119579732158399787e-01 7.955321224574221972e+00 9.989999999397342068e-01
9.989999999999998881e-01 7.766156064534539993e+00 1.000000000000001322e-03
8.395884702044771331e-01 7.959701979792135340e+00 9.989999999967393851e-01
4.821419929076676270e-01 7.753011443499820743e+00 8.619197386952351936e-01
3.727760491335486703e-01 7.944920009777729497e+00 9.989999999999991109e-01
6.174704457012960557e-01 7.765872351667423068e+00 9.989999999999681357e-01
8.807639322038161023e-01 7.954975607882570188e+00 9.989999999999997771e-01
9.989999944532744758e-01 7.762026576731120286e+00 9.827464954951179443e-01
6.590823253362781964e-01 7.963576344079134728e+00 9.989999999998793179e-01
9.989999999873393488e-01 7.772457380922009662e+00 2.986653512489530482e-01
4.464861129425938824e-01 7.943639656099794166e+00 9.989999999999998881e-01
2.235098129170769998e-01 7.742162560144354444e+00 9.989999990049097667e-01
8.189779518406451464e-01 7.953981611685120079e+00 9.989999999995199387e-01
1.000000011139124583e-03 7.736584905034203707e+00 1.922924655701389596e-01
6.705802900548378798e-01 7.944116195523098334e+00 9.989999999995736735e-01
9.989996314383223774e-01 7.743445116728761235e+00 1.000000190702312252e-03
7.377954123167137501e-01 7.945247047308136246e+00 9.989999999999998881e-01
5.100003145003629834e-01 7.748040504370769632e+00 9.989999999999998881e-01
2.263080559305331307e-01 7.939786748719688703e+00 9.989999975020185108e-01
9.989999999999998881e-01 7.740748467075718509e+00 9.787845461208229958e-01
6.508509737677571350e-01 7.942602313569434358e+00 9.989999998164369455e-01
4.741473036953779419e-01 7.726668455834040827e+00 1.000003761501901210e-03
7.425442170718111745e-01 7.945003779360277463e+00 9.989999999999146230e-01
9.989999999993710578e-01 7.720156057670548577e+00 1.000000002410725720e-03
5.487614021589310997e-01 7.938203820624380569e+00 9.989999999999995550e-01
6.451409115754741519e-01 7.756615344819455693e+00 9.989999999999998881e-01
3.089410655397159533e-01 7.947448845656871264e+00 9.989999999999998881e-01
9.989999999999927827e-01 7.782111040742020869e+00 1.000000001141845753e-03
6.737396802136563778e-01 7.940192473694562381e+00 9.989999999999973346e-01
9.989999997922635044e-01 7.753393474575370981e+00 6.314550169231872845e-01
1.472741831920325595e-01 7.948160976735148431e+00 9.989999999488560212e-01
7.803993382530536316e-01 7.772250512849678827e+00 9.989999795048575271e-01
6.173289057004830438e-01 7.953935649222460214e+00 9.989999999540020159e-01
9.989999999999998881e-01 7.766174356927327160e+00 1.000000000000089359e-03
8.732468891122531218e-01 7.970140348494792804e+00 9.989999999999998881e-01
2.847270465707512632e-01 7.772905123920053505e+00 1.000442045237183398e-03
9.989999999999887859e-01 7.957424298437264731e+00 9.989999999999998881e-01
9.989997938309991277e-01 7.741662926980346526e+00 1.388206794004368232e-03
6.290431377259589896e-01 7.943224625319691867e+00 9.989999999681005161e-01
9.989999742126277615e-01 7.778499287876899260e+00 1.000000023664029958e-03
4.041814538660342682e-01 7.942509882700430346e+00 9.989999999999701341e-01
1.001239971553999483e-03 7.731858046237827686e+00 6.327794082219804217e-01
2.725079583750590895e-01 7.940433703430447743e+00 9.989999999999998881e-01
1.000000978784184799e-03 7.760598167022631166e+00 1.000470467511437381e-03
3.125969183098527560e-01 7.944184628630027056e+00 9.989999999977493550e-01
9.989999999999988889e-01 7.726897322462218831e+00 1.000000000000256326e-03
1.931877571220336487e-01 7.933335078042611066e+00 9.989999999959490173e-01
9.989999999999998881e-01 7.746039774473451267e+00 1.000000000000000238e-03
8.139446122035381981e-01 7.953495924516026605e+00 9.989999999972748457e-01
9.989999999949047416e-01 7.781622859472429710e+00 1.000000006855256618e-03
6.179399701408132550e-01 7.947717957952031398e+00 9.989999999854586310e-01
9.989999999999998881e-01 7.756006451081757014e+00 1.000000016082041752e-03
9.642273538614182238e-01 7.953562885321038500e+00 9.989999999984875423e-01
9.989999999999993330e-01 7.790860076422470470e+00 1.000000000014302165e-03
9.989999999993729451e-01 7.955850176426657150e+00 9.989999999999998881e-01
9.989999999859926483e-01 7.740250643680719911e+00 9.591326979953871401e-01
6.169153504394186971e-01 7.942646762236686087e+00 9.989999999818711673e-01
9.989999999999998881e-01 7.778299691588327569e+00 1.000000000000000238e-03
2.378992825177600468e-01 7.947053031990590988e+00 9.989999999986950430e-01
9.487676642889791845e-01 7.749651332599005293e+00 1.000000327273736127e-03
4.784888073141319031e-01 7.951687865693741308e+00 9.989999999230735339e-01
9.989999999269499886e-01 7.726690027906735203e+00 4.860663277427461071e-01
4.330339049284616104e-01 7.956969655702835986e+00 9.989999995437187641e-01
4.242904590711684548e-02 7.736009062167464201e+00 1.000000056274957371e-03
4.191572058912721443e-01 7.952136492216737906e+00 9.989999999986145518e-01
9.989999989960661742e-01 7.768364785318562227e+00 1.000000000465074181e-03
2.877596798996095995e-01 7.953568550236362888e+00 9.989999993731787375e-01
9.989999999999885638e-01 7.754376769232337097e+00 6.711655207686662017e-01
5.775404269642302468e-01 7.952378628443939945e+00 9.989999999874419334e-01
9.989999999999980007e-01 7.785814185136290533e+00 1.336647469024627444e-01
5.579452449385459145e-01 7.952116023673722722e+00 9.989999999999996660e-01
9.989999999999951141e-01 7.760609219807415471e+00 9.989999999999998881e-01
6.887818115059800572e-01 7.953174396876232954e+00 9.989999999999997771e-01
9.989999999940910591e-01 7.796293153134687515e+00 1.000000161340189493e-03
7.015231382845322772e-01 7.957195363652627584e+00 9.989999999985909040e-01
6.252454358191908979e-01 7.739774699910566547e+00 9.989999999999998881e-01
9.572647791757038505e-01 7.947457599725944455e+00 9.989999993040283854e-01
9.989999999999998881e-01 7.743482117798436981e+00 1.000000000000005876e-03
6.117021106736190150e-01 7.943001729875295069e+00 9.989999999528677010e-01
9.989999999991371338e-01 7.745405957124824603e+00 9.989988612065183737e-01
3.032879788431676604e-01 7.944865989908252324e+00 9.989999999991435731e-01
9.989999999867454905e-01 7.780083582701077916e+00 7.505238701904038967e-01
6.210470838135393468e-01 7.946155305530160362e+00 9.989999999999998881e-01
1.000000709091313248e-03 7.761092931449817378e+00 2.913206480575931262e-02
0.000000000000000000e+00 0.000000000000000000e+00 0.000000000000000000e+00
0.000000000000000000e+00 0.000000000000000000e+00 0.000000000000000000e+00
0.000000000000000000e+00 0.000000000000000000e+00 0.000000000000000000e+00
0.000000000000000000e+00 0.000000000000000000e+00 0.000000000000000000e+00
0.000000000000000000e+00 0.000000000000000000e+00 0.000000000000000000e+00
0.000000000000000000e+00 0.000000000000000000e+00 0.000000000000000000e+00
0.000000000000000000e+00 0.000000000000000000e+00 0.000000000000000000e+00
0.000000000000000000e+00 0.000000000000000000e+00 0.000000000000000000e+00
0.000000000000000000e+00 0.000000000000000000e+00 0.000000000000000000e+00
0.000000000000000000e+00 0.000000000000000000e+00 0.000000000000000000e+00
0.000000000000000000e+00 0.000000000000000000e+00 0.000000000000000000e+00
0.000000000000000000e+00 0.000000000000000000e+00 0.000000000000000000e+00
0.000000000000000000e+00 0.000000000000000000e+00 0.000000000000000000e+00
0.000000000000000000e+00 0.000000000000000000e+00 0.000000000000000000e+00
0.000000000000000000e+00 0.000000000000000000e+00 0.000000000000000000e+00
0.000000000000000000e+00 0.000000000000000000e+00 0.000000000000000000e+00
0.000000000000000000e+00 0.000000000000000000e+00 0.000000000000000000e+00
0.000000000000000000e+00 0.000000000000000000e+00 0.000000000000000000e+00
0.000000000000000000e+00 0.000000000000000000e+00 0.000000000000000000e+00
0.000000000000000000e+00 0.000000000000000000e+00 0.000000000000000000e+00
0.000000000000000000e+00 0.000000000000000000e+00 0.000000000000000000e+00
0.000000000000000000e+00 0.000000000000000000e+00 0.000000000000000000e+00
0.000000000000000000e+00 0.000000000000000000e+00 0.000000000000000000e+00
0.000000000000000000e+00 0.000000000000000000e+00 0.000000000000000000e+00
0.000000000000000000e+00 0.000000000000000000e+00 0.000000000000000000e+00
0.000000000000000000e+00 0.000000000000000000e+00 0.000000000000000000e+00
0.000000000000000000e+00 0.000000000000000000e+00 0.000000000000000000e+00
0.000000000000000000e+00 0.000000000000000000e+00 0.000000000000000000e+00
0.000000000000000000e+00 0.000000000000000000e+00 0.000000000000000000e+00
0.000000000000000000e+00 0.000000000000000000e+00 0.000000000000000000e+00
0.000000000000000000e+00 0.000000000000000000e+00 0.000000000000000000e+00
0.000000000000000000e+00 0.000000000000000000e+00 0.000000000000000000e+00
0.000000000000000000e+00 0.000000000000000000e+00 0.000000000000000000e+00
0.000000000000000000e+00 0.000000000000000000e+00 0.000000000000000000e+00
0.000000000000000000e+00 0.000000000000000000e+00 0.000000000000000000e+00
0.000000000000000000e+00 0.000000000000000000e+00 0.000000000000000000e+00
0.000000000000000000e+00 0.000000000000000000e+00 0.000000000000000000e+00
0.000000000000000000e+00 0.000000000000000000e+00 0.000000000000000000e+00
0.000000000000000000e+00 0.000000000000000000e+00 0.000000000000000000e+00
0.000000000000000000e+00 0.000000000000000000e+00 0.000000000000000000e+00
0.000000000000000000e+00 0.000000000000000000e+00 0.000000000000000000e+00
0.000000000000000000e+00 0.000000000000000000e+00 0.000000000000000000e+00
0.000000000000000000e+00 0.000000000000000000e+00 0.000000000000000000e+00
0.000000000000000000e+00 0.000000000000000000e+00 0.000000000000000000e+00
0.000000000000000000e+00 0.000000000000000000e+00 0.000000000000000000e+00
0.000000000000000000e+00 0.000000000000000000e+00 0.000000000000000000e+00
0.000000000000000000e+00 0.000000000000000000e+00 0.000000000000000000e+00
0.000000000000000000e+00 0.000000000000000000e+00 0.000000000000000000e+00
0.000000000000000000e+00 0.000000000000000000e+00 0.000000000000000000e+00
0.000000000000000000e+00 0.000000000000000000e+00 0.000000000000000000e+00
6.289172065108122878e-01 7.951517266333404166e+00 9.989999999951980625e-01
9.989999999999980007e-01 7.738011754185054158e+00 1.000000000000205586e-03
5.434498734586772350e-01 7.947661760279410181e+00 9.989999999999971125e-01
9.989999999984087165e-01 7.756221353791234563e+00 2.164080837879849006e-01
3.884995060444930703e-01 7.956501011132144363e+00 9.989999999995131663e-01
9.989999999999713554e-01 7.763607274148745852e+00 5.919672515566664073e-01
6.406281452431163981e-01 7.951437913709739291e+00 9.989999999999989999e-01
5.507408782780055523e-01 7.765339807167469743e+00 1.000000394198435200e-03
6.270693353561495043e-01 7.942898948346579502e+00 9.989999998199144970e-01
9.989999589878560959e-01 7.751336288741938141e+00 1.000020362310489238e-03
1.389986815898444916e-01 7.941816315302047791e+00 9.989999999943141029e-01
1.005070262963977945e-02 7.756737400443602048e+00 3.347561663035114043e-01
6.025472601042380916e-01 7.948722116428088569e+00 9.989999999997319913e-01
9.989998799054997658e-01 7.783972616667729660e+00 9.989999999948788734e-01
3.790855346204582421e-01 7.945584873374054169e+00 9.989999999999982228e-01
9.989999995471767757e-01 7.709347454785932641e+00 9.989999999999922276e-01
8.770552597782611537e-01 7.950132495909595143e+00 9.989999999995828883e-01
9.989999999996479474e-01 7.734586707021611218e+00 1.000000001119365472e-03
9.171893600809091218e-01 7.943699181693473221e+00 9.989999999418218701e-01
2.648239601533085574e-01 7.783484865248509799e+00 1.000006042530065739e-03
3.769207163163341145e-01 7.937251589509343397e+00 9.989999999999993330e-01
9.989999990737810087e-01 7.779423047676912617e+00 9.989999999999563673e-01
4.326745940428573522e-01 7.944138710582627105e+00 9.989999999999218394e-01
9.989999999999998881e-01 7.741712819063126361e+00 1.000000000011085988e-03
5.389396937843152768e-01 7.953240247995216450e+00 9.989999999999873426e-01
9.989999999996403979e-01 7.735817427312200678e+00 1.000000000532047734e-03
8.233964342501243205e-01 7.942718926675449431e+00 9.989999999932888120e-01
9.989999999928447227e-01 7.728881628197188824e+00 3.243999990909429004e-02
3.642969165350287142e-01 7.942420492276237809e+00 9.989999999459323599e-01
9.315676774310736041e-01 7.746653436673941684e+00 1.000027362276246232e-03
5.389693438402834991e-01 7.948329512349522119e+00 9.989999999999873426e-01
9.988513719029373794e-01 7.720085775473681799e+00 1.000000000000000238e-03
7.227599156139894454e-01 7.951500591947556096e+00 9.989999999260986696e-01
6.660674748523197630e-01 7.779095393783187262e+00 9.989999980531450996e-01
6.892784330818630956e-01 7.959197414569703533e+00 9.989999999999908953e-01
6.134141050610141255e-01 7.755299562872794539e+00 1.000000000799209027e-03
2.139981079999719871e-01 7.943541882019207634e+00 9.989999999962990707e-01
9.989999801591261663e-01 7.771184886968774741e+00 1.000013992062567629e-03
6.400324801595745905e-01 7.949753514446398661e+00 9.989999999001459852e-01
9.989999307802112094e-01 7.749576283182328496e+00 1.000029028174524498e-03
2.482400252048713452e-01 7.944233218060316126e+00 9.989999999990529789e-01
6.701218894458706998e-01 7.758027596086431110e+00 9.989999999999747970e-01
4.225455848035961637e-01 7.960863903514495021e+00 9.989999999999955582e-01
9.989999989313891327e-01 7.759676690774657715e+00 9.989999999999921165e-01
5.614023677919814936e-01 7.960601454224531359e+00 9.989999999999998881e-01
9.989999999999431557e-01 7.771667174622588270e+00 1.000000000134864796e-03
4.462897498858901524e-01 7.954316703133590849e+00 9.989999995295846258e-01
9.023647860212157257e-01 7.778322032539723985e+00 9.989999999999992220e-01
5.089096694813470823e-01 7.953367395400013251e+00 9.989999999979659595e-01
9.989999970358820480e-01 7.731066641615281121e+00 1.000000093073488174e-03
7.122971553946428891e-01 7.946262599681233496e+00 9.989999999979735090e-01
9.989999943969063434e-01 7.761482488360535115e+00 1.000012073634690786e-03
1.910724891829758409e-01 7.953774493312033123e+00 9.989999999898143690e-01
8.829103563584448366e-01 7.781699262310162624e+00 9.989999983241946158e-01
5.188925652392275545e-01 7.953561413997924490e+00 9.989999999999333857e-01
9.989999999999504832e-01 7.748275832156020115e+00 1.000000000036208687e-03
3.575156543169092926e-01 7.945546594895139592e+00 9.989999999999998881e-01
9.989999999999998881e-01 7.776485001619131587e+00 1.000000000000747470e-03
5.047296081526976286e-01 7.946228587261794374e+00 9.989999999895357030e-01
9.989999999999997771e-01 7.772328797886419061e+00 9.922878840409852241e-01
4.367633754272854940e-01 7.936556269363585159e+00 9.989999999999998881e-01
9.989999998428061856e-01 7.729862520724426034e+00 1.000001664360175308e-03
9.168822562643580421e-01 7.947199403810988549e+00 9.989999999973093736e-01
9.989999999952293708e-01 7.751511695517943501e+00 1.000000009440036013e-03
2.905460689674836394e-01 7.949788783517491630e+00 9.989999999995251567e-01
9.989999996339002930e-01 7.798379777197285811e+00 2.475734673997249669e-01
5.115576230265979074e-01 7.958931450401134811e+00 9.989999999999993330e-01
9.989999999999991109e-01 7.763451247062858940e+00 1.000000000001630444e-03
8.101491244311632700e-01 7.947341495134438993e+00 9.989999999990303303e-01
9.989999999946950204e-01 7.761463745624739730e+00 6.244341651181501973e-01
8.048455934764624509e-01 7.952125377999364808e+00 9.989999999861689517e-01
2.249140302317522155e-01 7.706528730142761852e+00 9.989999999821461696e-01
7.301130872610540612e-01 7.948972637669452723e+00 9.989999999999976676e-01
5.629241840724502621e-01 7.739006696311503397e+00 1.000000000000001105e-03
7.696426975358441336e-01 7.947021309550038382e+00 9.989999999995887725e-01
7.509889200358889072e-01 7.762713141619188129e+00 9.989999999903784733e-01
4.415008158547099049e-01 7.956400593955236467e+00 9.989999993789910882e-01
9.989999999996289626e-01 7.734999129278558705e+00 2.171525184152124921e-01
7.109577366967605450e-01 7.959133396493966117e+00 9.989999999470475789e-01
9.989999999899020766e-01 7.735211266220638926e+00 1.000000000312812514e-03
5.208120569386339715e-01 7.949497202544026031e+00 9.989999999999994440e-01
9.989999999555866372e-01 7.761989001064828031e+00 5.345106853808404557e-01
3.047632586303569147e-01 7.958398904913495109e+00 9.989999999345321458e-01
1.000000068734979534e-03 7.749694929757890094e+00 5.158886213988464475e-02
3.917054553259377014e-01 7.950232161145533105e+00 9.989999999999978897e-01
9.989999992844597054e-01 7.736996484754850911e+00 9.989999999999934488e-01
6.978491986672203939e-01 7.960100663298456780e+00 9.989999999999913394e-01
9.989999997136103094e-01 7.768181034681045816e+00 4.243469010518117757e-01
6.730115755491207219e-01 7.951202442078396437e+00 9.989999999951475473e-01
7.703289542957516556e-01 7.769083524666145379e+00 9.989999999911053363e-01
5.947403337867288586e-01 7.944011037670139608e+00 9.989999999996325153e-01
9.989999999999997771e-01 7.761173738254192322e+00 1.000000000000007610e-03
9.433398297404969046e-01 7.939372536281679160e+00 9.989999999496885774e-01
5.181909538756320766e-01 7.752202131054088952e+00 9.989999999999997771e-01
7.073703772439272619e-01 7.944332891743595582e+00 9.989999999996738156e-01
8.556148911431891158e-01 7.754766752905177363e+00 1.000001199133236738e-03
5.527856014359174841e-01 7.941709387657368779e+00 9.989999999999998881e-01
6.119051652247774475e-01 7.750396169206603680e+00 9.989999999531572472e-01
6.920464042581341291e-01 7.965612292202224332e+00 9.989999999999841229e-01
9.989999994009638451e-01 7.771145732828444785e+00 9.989999999999994440e-01
5.383070762366582995e-01 7.960813421190787054e+00 9.989999999989004342e-01
9.989999999999887859e-01 7.758435587580001069e+00 1.000000000131948726e-03
5.065809346378382649e-01 7.944979638803461697e+00 9.989999999949180642e-01
9.989999999941644448e-01 7.713052182351235686e+00 1.000000003171049815e-03
7.828272654419761167e-01 7.949102023763245484e+00 9.989999999992549284e-01
9.989999997908329821e-01 7.736259315314601537e+00 9.049615640997882293e-01
7.684617938133493364e-01 7.959111362016417779e+00 9.989999999800279751e-01
9.989999999999998881e-01 7.749651126662299383e+00 1.000000000000022572e-03
7.002685062229047075e-01 7.950196167988959672e+00 9.989999999962781985e-01
9.989999999999975566e-01 7.778969862991205630e+00 1.000000000276733084e-03
5.064035578912001734e-01 7.936217698643817542e+00 9.989999999997866142e-01
1.000018275488806768e-03 7.760574724732575369e+00 2.453969134833811072e-01
5.120260343256082258e-01 7.940724793669135195e+00 9.989999999999935598e-01
5.645169503026822300e-01 7.728028367590283665e+00 9.989999996946443694e-01
6.741730755025624466e-01 7.935462856645560947e+00 9.989999999999998881e-01
9.989999979091876980e-01 7.747828694140843631e+00 4.216166834314932776e-01
9.717296393057269777e-01 7.956975446050151390e+00 9.989999999994821911e-01
9.989999999999996660e-01 7.739805236299369895e+00 1.000000000000506777e-03
7.068609058042231164e-01 7.951670249950359981e+00 9.989999999130735331e-01
9.989999928430487453e-01 7.769355777518126338e+00 1.000011040507510843e-03
6.348554924130581645e-01 7.950383823492098934e+00 9.989999999999998881e-01
9.391366322165837222e-01 7.770289947369309225e+00 9.989999999999604752e-01
5.405244367059638400e-01 7.941751162197602021e+00 9.989999999998802060e-01
7.567919238087877920e-01 7.740139362396232237e+00 9.989999995932870025e-01
6.181805989763564657e-01 7.949223119189505304e+00 9.989999999999998881e-01
4.555376535466055254e-01 7.755290077630722756e+00 9.989999999999669145e-01
5.989267123890035238e-01 7.949488941263110675e+00 9.989999999992669188e-01
9.989999999999989999e-01 7.778315011724712846e+00 2.097228826986476669e-01
5.940561104857696728e-01 7.965895434325245716e+00 9.989999998905366718e-01
9.989999999988590229e-01 7.729114406624389311e+00 6.376116205166459938e-01
9.989999996941093530e-01 7.959142074682997503e+00 9.989999999998270264e-01
9.989999999999471525e-01 7.757934784557283692e+00 1.000000000018872294e-03
5.502767685858256375e-01 7.944426927608309263e+00 9.989999999999998881e-01
8.812575262419246602e-01 7.729273850717272687e+00 9.989999988355706684e-01
6.426347083862337106e-01 7.945312079976871722e+00 9.989999998792211677e-01
9.989999904017662358e-01 7.761746621864650919e+00 1.000052466396611842e-03
5.406635235133202544e-01 7.938295244714709042e+00 9.989999999999960023e-01
7.223227184115371680e-01 7.754148916941492331e+00 9.989999999558235588e-01
3.545904200649598326e-01 7.944275376811796185e+00 9.989999998485495913e-01
9.989999999999555902e-01 7.778295943870098483e+00 2.374651570161953051e-01
4.826804215064448011e-01 7.939672806905250901e+00 9.989999999206385928e-01
6.651218810735541886e-01 7.740000577078433253e+00 1.000000029238745343e-03
9.319122904280617847e-01 7.947417961128961927e+00 9.989999998884471211e-01
1.000000080350571703e-03 7.705238971678743276e+00 6.682925540724730107e-01
4.765634837124225198e-01 7.949346339791397043e+00 9.989999999999998881e-01
9.989999999683879528e-01 7.767428966167704729e+00 1.000000182069573198e-03
9.989999996922658276e-01 7.947667859368340082e+00 9.989999999999998881e-01
9.989999999997116742e-01 7.735425836591218740e+00 1.000000000220374087e-03
4.689647363687293180e-01 7.937292844155590110e+00 9.989999999679503029e-01
1.526717275408720209e-01 7.743002427824966283e+00 9.989999997901797268e-01
6.432003914346478002e-01 7.958334509106857801e+00 9.989999998647356438e-01
1.621026817555274169e-01 7.736781346692663597e+00 9.989999957169343192e-01
4.801975076905827811e-01 7.953176394601172206e+00 9.989999999400335229e-01
9.989999997664511522e-01 7.757457868224033604e+00 3.775730956271228234e-01
7.920736162236756694e-01 7.955572216242686956e+00 9.989999999992857926e-01
9.989999999997268842e-01 7.756590874507402589e+00 9.989999999999998881e-01
4.785142874413691461e-01 7.934949935389076003e+00 9.989999999693151000e-01
9.989999999999998881e-01 7.761789206014283238e+00 1.000000000000001539e-03
8.352825563753309979e-01 7.957382155167693760e+00 9.989999999978533829e-01
9.989963812329125670e-01 7.714076969461502564e+00 1.000000160483950802e-03
5.600064197979183200e-01 7.944903916102554753e+00 9.989999999999998881e-01
1.000000010932617246e-03 7.742962189207804435e+00 3.385688911732087636e-01
5.400139282826489362e-01 7.953224726718562287e+00 9.989999999999944480e-01
9.989999999996992397e-01 7.780022676442556850e+00 1.000000000670424240e-03
5.328071858321645760e-01 7.946729612435775358e+00 9.989999999999761293e-01
9.989999999999985558e-01 7.758729115846597857e+00 1.000079066588175367e-03
9.741014987603685560e-01 7.956008643786880441e+00 9.989999999976961753e-01
7.833381964436618716e-01 7.766355311474304024e+00 9.989999999997344338e-01
9.282061752351968842e-01 7.950944417465631631e+00 9.989999999768767180e-01
9.989999999994741975e-01 7.744098332349115488e+00 2.613543029895896708e-01
4.350763350196478196e-01 7.942018685676672796e+00 9.989999999999998881e-01
9.989999999999998881e-01 7.739095502825060535e+00 9.989999999999864544e-01
7.962098347980112178e-01 7.939085138159629018e+00 9.989999999782128715e-01
4.659229587188185029e-01 7.721819134812768937e+00 9.989999999999998881e-01
5.439411332484329620e-01 7.951419655879480963e+00 9.989999999999912283e-01
9.989999975754760841e-01 7.769196381878195723e+00 8.867000715826695023e-01
4.373646762207431538e-01 7.941716098820474024e+00 9.989999997227609896e-01
9.989999999999998881e-01 7.724750397692919712e+00 1.000000000000047726e-03
4.740698004723374326e-01 7.952959809569273730e+00 9.989999999111156548e-01
5.463611186288587218e-01 7.753131165458716723e+00 9.989999999993997015e-01
5.246164373894652844e-01 7.946179763231268289e+00 9.989999999999262803e-01
9.989999991547168223e-01 7.767119140227230822e+00 4.859719092672341034e-01
4.972107168500613517e-01 7.961845916179738580e+00 9.989999999517595874e-01
9.989999999999851221e-01 7.739264300517373130e+00 1.000000000002640270e-03
9.989999990325340029e-01 7.954493054157961929e+00 9.989999999999998881e-01
9.989999999999989999e-01 7.753212507904803985e+00 1.000000000001924697e-03
6.121705872987147634e-01 7.933162533489363177e+00 9.989999999572726219e-01
9.989999999999998881e-01 7.760774064676083661e+00 1.000000000000000238e-03
7.186008874953691006e-01 7.944592660290779484e+00 9.989999997243479424e-01
8.154984921925012564e-02 7.751634728346221692e+00 1.000000083160018389e-03
9.406158705732139413e-01 7.953875772336781225e+00 9.989999998694645278e-01
9.989999997434748646e-01 7.745371621901077752e+00 1.000000001214396443e-03
5.964504003554019773e-01 7.955671028289665436e+00 9.989999999998399050e-01
9.989991038145675795e-01 7.773777558249519437e+00 1.000015696111745435e-03
8.996390594446198596e-01 7.952557280851841881e+00 9.989999999999843450e-01
9.989999999999998881e-01 7.746060288680622463e+00 1.000000000000010212e-03
7.259149683862770042e-01 7.952706853169940970e+00 9.989999999997302149e-01
5.951572719514377496e-01 7.734289069018700502e+00 9.989999999999992220e-01
6.742938371044141510e-01 7.952745063913958745e+00 9.989999999963099508e-01
3.067132838868941863e-02 7.766629053923324477e+00 1.000001496430875502e-03
3.221034713021854179e-01 7.945379800781279478e+00 9.989999995175645742e-01
9.989999999999595870e-01 7.732768462338064808e+00 1.000000000000034065e-03
7.816179591822680628e-01 7.950413403989110783e+00 9.989999999901384431e-01
9.989999999999555902e-01 7.786452607357418287e+00 1.000000000065059524e-03
6.242853344438119567e-01 7.951633741811049205e+00 9.989999999152804344e-01
9.989999133701692458e-01 7.754776400376360179e+00 1.000190632729603280e-03
5.892054442482631549e-01 7.941701517960439993e+00 9.989999999999179536e-01
4.797803704873346287e-01 7.770596055702756466e+00 9.989999999987578816e-01
7.189738327677419605e-01 7.948473515085518137e+00 9.989999999980591072e-01
9.989999995834680790e-01 7.750717388198112623e+00 1.000002991499320849e-03
9.989999998482463894e-01 7.952668720262375146e+00 9.989999999999799041e-01
9.989999999999998881e-01 7.767003281718099394e+00 1.000000000000020187e-03
2.959182608647581425e-01 7.942340842841066006e+00 9.989999999974499278e-01
9.989999999994234603e-01 7.745887116343293854e+00 9.989999999999998881e-01
8.366968965125798352e-01 7.955957057760012496e+00 9.989999999997010161e-01
9.989984336635018281e-01 7.774615866225008887e+00 1.000114280475177886e-03
5.491606098218980714e-01 7.957740393877947405e+00 9.989999999999983338e-01
9.989999999999856772e-01 7.762423947704286675e+00 1.000000000004551935e-03
8.800113282805926973e-01 7.953029840074324675e+00 9.989999999999951141e-01
7.179743058936877143e-01 7.753668014697020716e+00 9.989999994765852431e-01
9.013072038555293153e-01 7.953918294691517232e+00 9.989999999999702451e-01
9.900811164736524894e-01 7.770136603878129655e+00 9.989999999851360002e-01
2.762982578212834772e-01 7.951569063229325884e+00 9.989999997037187773e-01
9.989999999999998881e-01 7.778001177697053237e+00 6.307994768511240302e-01
5.011230424896482294e-01 7.933012286521998746e+00 9.989999999999997771e-01
9.989999999995431423e-01 7.726463354260624250e+00 9.587525908575679212e-01
5.439229548613105925e-01 7.946313320301410243e+00 9.989999999999970015e-01
7.237742185715518861e-01 7.746935123620020569e+00 9.989999999883015791e-01
7.959452288387103280e-01 7.948069469782949703e+00 9.989999999943656173e-01
9.330924309441203102e-01 7.720976964853778490e+00 1.000000055587425959e-03
4.002778690052372079e-01 7.945539072268500647e+00 9.989999999993703916e-01
8.719511809092570509e-01 7.733946541611507186e+00 9.989999999958817378e-01
8.198019790712071098e-01 7.954732984358934722e+00 9.989999993977016768e-01
3.964154320644262125e-03 7.759453701812603299e+00 4.088669280992344723e-01
6.753854646332319023e-01 7.947742435251504922e+00 9.989999999976870715e-01
6.579196783622607292e-01 7.739430613492290334e+00 9.989999999999537028e-01
6.290632373078942630e-01 7.945091584121840356e+00 9.989999999295148259e-01
9.499153951790301198e-01 7.754875750980960269e+00 9.989999999975831546e-01
8.977876505393022066e-01 7.961170396730435250e+00 9.989999999999972236e-01
9.989999999999998881e-01 7.756933054230134239e+00 9.133954773588233156e-01
4.254986814905488135e-01 7.947315844040558019e+00 9.989999999999962244e-01
7.807322914553070925e-01 7.773413880842755752e+00 9.989999999996730384e-01
6.727081047104800371e-01 7.952959052397390316e+00 9.989999999997742908e-01
9.989999992101019632e-01 7.770792504476902174e+00 1.000004705634919503e-03
6.822282218866715375e-01 7.958541999883880891e+00 9.989999999999995550e-01
9.561908273054547935e-01 7.746777365184128072e+00 1.000000000102594386e-03
9.525630539830889365e-01 7.954211130827193443e+00 9.989999999948712128e-01
7.175131402842510608e-01 7.725069450865067466e+00 9.989999998239831314e-01
6.178624342152699844e-01 7.942823994129094345e+00 9.989999999410581477e-01
2.796305680243148517e-01 7.763187000937447735e+00 1.000002186265902711e-03
8.789877104605000602e-01 7.957554770648864739e+00 9.989999999997907221e-01
4.435859691526174986e-01 7.741572056005694868e+00 9.989999999988716795e-01
5.539455308600481631e-01 7.932754793185059938e+00 9.989999999999998881e-01
4.133675813247557063e-01 7.761391110077289213e+00 9.989999999999987779e-01
5.132225918190179703e-01 7.941254608023870176e+00 9.989999999921381768e-01
1.000000000000003057e-03 7.757302381743735431e+00 1.000000001122435716e-03
3.630983879559172567e-01 7.950575633695879496e+00 9.989999999999998881e-01
9.989999999265019026e-01 7.791513375545370934e+00 1.000084405504964502e-03
3.213625291048348154e-01 7.952662292059064164e+00 9.989999993496559982e-01
9.989999999993450785e-01 7.734034410889701228e+00 6.145580712526285128e-01
4.882223422694084713e-01 7.952107912995490580e+00 9.989999999999995550e-01
9.989999999999998881e-01 7.762011059136805002e+00 1.110862391145980704e-01
6.567590209961586822e-01 7.955902160916283883e+00 9.989999999993431912e-01
9.989999999999998881e-01 7.712981501562891751e+00 1.000000000000005008e-03
6.992859268219008273e-01 7.953353098086443751e+00 9.989999999978012024e-01
4.697224655989468700e-01 7.746909467311748010e+00 2.767438265146252574e-01
6.921257344803228850e-01 7.958347598767185005e+00 9.989999999974910061e-01
9.989999999999487068e-01 7.773166194455837896e+00 1.000000000767074576e-03
4.090790651840233161e-01 7.952208890496851978e+00 9.989999999999998881e-01
7.090073298992978224e-01 7.723162253225400953e+00 9.989999999995703428e-01
2.689209318475956345e-01 7.939799308519669196e+00 9.989999998238664469e-01
9.989999997021730138e-01 7.749891565697467399e+00 9.989999999999998881e-01
9.011094089541346053e-01 7.950304062320768139e+00 9.989999999999998881e-01
4.405545130549175514e-01 7.743196512050428915e+00 9.989999999974904510e-01
8.804793905764168871e-01 7.941586360880468654e+00 9.989999999999992220e-01
9.978483067064016776e-01 7.769177747555220392e+00 9.989999999998047109e-01
5.059671974595150168e-01 7.934110775168017327e+00 9.989999999999739089e-01
9.989999999999872315e-01 7.728216850879040756e+00 1.000000000015860164e-03
8.300120481403068240e-01 7.953568232130060700e+00 9.989999999837795297e-01
1.000000000031321537e-03 7.741249775115415233e+00 3.659302154146603092e-01
3.893577338008615274e-01 7.938746231839752809e+00 9.989999999916603368e-01
3.869662139423574732e-01 7.759588400425808885e+00 4.870525501885432096e-01
7.040695462507781111e-01 7.953765639658951336e+00 9.989999995489928786e-01
7.872262903976939841e-02 7.719287886532606002e+00 9.989999999983288914e-01
5.165018949518316305e-01 7.957998902065267721e+00 9.989999999999947811e-01
9.989999995037233127e-01 7.773975948897992261e+00 9.385774364258132607e-01
5.922561197610719530e-01 7.961736435342844587e+00 9.989999999999243929e-01
9.989999999999998881e-01 7.803969543019151800e+00 8.351693646245936242e-02
3.343293061292360036e-01 7.963909176878630980e+00 9.989999999999920055e-01
9.989999998206748888e-01 7.754536466642313108e+00 2.610973171807003390e-01
2.181718505181531043e-01 7.933200588764850458e+00 9.989999999979048972e-01
7.088409325292361896e-01 7.726193873591640227e+00 9.989999999998795399e-01
3.089714970711952557e-01 7.928399125799672653e+00 9.989999999999998881e-01
5.835815154829536722e-01 7.764084286718351713e+00 9.989999969253861023e-01
9.989999999826449928e-01 7.958035698340204966e+00 9.989999999999833458e-01
9.989999999283826204e-01 7.729725972090021990e+00 9.658349358046756095e-01
5.932840161596153461e-01 7.942651406394086955e+00 9.989999999996266311e-01
9.989999999021382804e-01 7.751601156385294900e+00 9.989999999999998881e-01
5.702585861373196119e-01 7.942446006088315080e+00 9.989999998419191174e-01
9.989999995124652088e-01 7.770194292913588541e+00 1.000003493241136696e-03
