1.838698623478610683e-01 7.938993363185050889e+00
4.580266604204267789e-01 7.736888386368517168e+00
2.996203392519324327e-01 7.941079333388181283e+00
9.989999972810050810e-01 7.765724536567842229e+00
2.363621158294360869e-01 7.937985529126402540e+00
7.770486752203479286e-01 7.758079727826123317e+00
4.723519500413085326e-01 7.955103006998714754e+00
6.496936625936709786e-02 7.748020997533629384e+00
2.107105889773188967e-01 7.935604474898975802e+00
5.559129988123330257e-01 7.761561025798084934e+00
3.355197575760239248e-01 7.957108667521270995e+00
6.950341774021369101e-01 7.766607720684041816e+00
1.932233081420220433e-01 7.948207372274185722e+00
8.145598159264785254e-01 7.756631059847085119e+00
4.946174597628197334e-02 7.942239617086653602e+00
9.989999999999998881e-01 7.726212668974675069e+00
3.471648344873785597e-01 7.945607224220971432e+00
3.275922312753647425e-01 7.743016315858341159e+00
2.447473545896486913e-01 7.945140651504217999e+00
9.989999999999998881e-01 7.738052480306304659e+00
4.409152135330606792e-01 7.950802376301927765e+00
9.989999882693588740e-01 7.781134957496560922e+00
1.941855148600991343e-01 7.935430279965491884e+00
7.322532228954241607e-01 7.783307359845171192e+00
5.437477580705034619e-01 7.955866325188209132e+00
9.989999999999998881e-01 7.770097602295058081e+00
3.919398888049199225e-01 7.945186059595313210e+00
9.989999999999998881e-01 7.770204424778180297e+00
2.779668292180785261e-01 7.960407208235704246e+00
8.078838312177453185e-01 7.794519349820105525e+00
3.294981464517190428e-01 7.946448496658076621e+00
9.387966052403763639e-02 7.719977226890176958e+00
2.041513759388575155e-01 7.967474727283098801e+00
4.834478572435944033e-01 7.757679345217652234e+00
2.841431434920169696e-01 7.952679689790042694e+00
8.273591587597847186e-01 7.751768849159105912e+00
3.564508135458782645e-01 7.946136796491932053e+00
4.073149882121360754e-01 7.733184587813609845e+00
1.955551061445449657e-01 7.933217845191714801e+00
7.999269723682184141e-01 7.739856471322229758e+00
3.971807294086511786e-01 7.957275303079970996e+00
1.435544132601405398e-01 7.733187296749986395e+00
2.625185032923999517e-01 7.948435315519278177e+00
4.906936869449446403e-01 7.755966693787661015e+00
3.278640176487773727e-01 7.953701803593526520e+00
6.421982659387686088e-01 7.750527955301134142e+00
2.283600497408480035e-01 7.933147271516199694e+00
6.065113054223938427e-01 7.751976594387650188e+00
2.620396875288652505e-01 7.942500262043484582e+00
5.797213683109416760e-01 7.749839050485554104e+00
2.045523779080195281e-01 7.934998268973725288e+00
1.782924010791079317e-01 7.735358546359050180e+00
1.284086066890572086e-01 7.941742675572781351e+00
7.629359012812451102e-01 7.754004652975695855e+00
4.919417775357722289e-01 7.961325813110398109e+00
8.140928111893254160e-01 7.766348929570704662e+00
3.924932437202252045e-01 7.971093969784148747e+00
9.989999999999998881e-01 7.781892407395616829e+00
1.067577458989135836e-01 7.940826155626711014e+00
9.989999578815759174e-01 7.755321931591115714e+00
1.191147462526238043e-01 7.943098874650378782e+00
5.464056264450480871e-01 7.724661477700339063e+00
1.170598692899881693e-01 7.956507484659731233e+00
9.989999999999104041e-01 7.767726912344087964e+00
3.021502212227026307e-01 7.937091882896955219e+00
3.806559024261871316e-01 7.758989500712537790e+00
2.216552299850675922e-01 7.936070419111329599e+00
9.989999999999998881e-01 7.747393143975709329e+00
1.765909235614202821e-01 7.938222912068565229e+00
3.376127297871987787e-02 7.727334438846614084e+00
1.880109334433153756e-01 7.955445084397743116e+00
9.989999999999998881e-01 7.763160880974028899e+00
3.499407045622400791e-01 7.951540580895633425e+00
9.989999999999983338e-01 7.744357226774437386e+00
3.043162006832103028e-01 7.944488688977611623e+00
3.737136007067888288e-01 7.739265923890568999e+00
3.826788372476780387e-01 7.943447975149902973e+00
9.989999999999998881e-01 7.772974345909834604e+00
3.092079545127673357e-01 7.949519142965619345e+00
5.216781739433885567e-01 7.787020935448942360e+00
1.589061509560495966e-01 7.938678218747151405e+00
9.989999999950762710e-01 7.769095111499748185e+00
1.966290454724652914e-01 7.933220525762039621e+00
3.802060770714688065e-01 7.756421155670405021e+00
4.133437889032691159e-01 7.956390540827645630e+00
7.523254540891618491e-01 7.771671025766031526e+00
1.143891757224510253e-01 7.939924771459928365e+00
9.989999999999900071e-01 7.764421651974337202e+00
2.103417568251252368e-01 7.941917132769045651e+00
9.989999999999998881e-01 7.743085388999118912e+00
3.120661798406634269e-01 7.944922402280897522e+00
5.876229704065932813e-01 7.769023080151503002e+00
1.490407377404183165e-01 7.943091305512217204e+00
7.340743949204557861e-01 7.741833811182386782e+00
3.381370848314270705e-01 7.942259080186399700e+00
9.989998089315741403e-01 7.767577153124516798e+00
2.726466441203803659e-01 7.954869424331107552e+00
9.989999999999998881e-01 7.742958189030285432e+00
2.589564703988176952e-01 7.938403423262719194e+00
3.327182151086335304e-01 7.728844032077606840e+00
3.602807088349969100e-01 7.947266962351382524e+00
9.989999999705675426e-01 7.744181760905146206e+00
2.387848843895608031e-01 7.962921043310551283e+00
9.989999999999998881e-01 7.766508294581887739e+00
2.247744123336293531e-01 7.944085984831847469e+00
6.635378338248905106e-01 7.775663333060596649e+00
1.753006959064394299e-01 7.950282667542355242e+00
9.989999935959313904e-01 7.763473371649725507e+00
3.194487646665342684e-01 7.958427060117768015e+00
7.336611491831955822e-01 7.759757372953983712e+00
3.467521568080764727e-01 7.953372038968510083e+00
9.989999804347127199e-01 7.779756555747631808e+00
4.179169564084631583e-01 7.947443246776506598e+00
1.464532795813657529e-01 7.738461914656238783e+00
4.212546234652416732e-01 7.942365636662832351e+00
7.920105593208138783e-01 7.761653601661105739e+00
3.581644738949613105e-01 7.955044420436104602e+00
9.989999999999681357e-01 7.760016297375391225e+00
1.680431613824674431e-01 7.942054125061164704e+00
9.989999999999610303e-01 7.749750545710528904e+00
3.479993184860212807e-01 7.949181664597869457e+00
6.057173273336692310e-01 7.750890671729758097e+00
2.773995084727303162e-01 7.953208570055733340e+00
1.826944960891050684e-01 7.763100090753896509e+00
2.183313629023957703e-01 7.951549166748799635e+00
9.989999851929873831e-01 7.758708191656251252e+00
3.829972919795564534e-01 7.946321422148256097e+00
2.918512879985480368e-01 7.753376125384689566e+00
1.169955500268415327e-01 7.940812803712371526e+00
6.889919156244662668e-01 7.725472519002262395e+00
1.217032857523922679e-01 7.942733754347508501e+00
6.349664235108539723e-01 7.760485970929227761e+00
2.481543306195933829e-01 7.950461064154393576e+00
4.375738046475613485e-01 7.757373907597476581e+00
3.909692100221647260e-01 7.937787121941628499e+00
1.875286926822230527e-01 7.731590829740112802e+00
2.279129797155098891e-01 7.939240667867224488e+00
9.989999999999588098e-01 7.754711536305194386e+00
4.772210644685928038e-01 7.950628491368788353e+00
3.597998616296194108e-01 7.750725071761836560e+00
3.917185820825666021e-01 7.958438940027951602e+00
9.989999999999112923e-01 7.733737966715591661e+00
2.115838484554607157e-01 7.951108601573979584e+00
9.863312423970825860e-01 7.762888973749517696e+00
2.669863358134710873e-01 7.947425694997809487e+00
9.989999999999981117e-01 7.747488382155074405e+00
4.574553209767814321e-01 7.954562726478317636e+00
9.989997533347976244e-01 7.781252071933097980e+00
2.119145976109983731e-01 7.942436627617745160e+00
8.982531206294874782e-01 7.775312396715317043e+00
4.927665433479874180e-01 7.965993115684214310e+00
9.989999999999998881e-01 7.769083848109521462e+00
2.820410580174267934e-01 7.946188499893304780e+00
7.062987803146806298e-01 7.746890989982890829e+00
3.008735975290233733e-01 7.950817233937200967e+00
5.765061411546035242e-01 7.779048676504539017e+00
3.794973383235409337e-01 7.963158053843986117e+00
3.103825172132469445e-01 7.758943071134341452e+00
9.994802525825800810e-02 7.943544220314159965e+00
6.476228310240736974e-01 7.774479176684455872e+00
2.460647584644492791e-01 7.944510349288498752e+00
4.474657169865690620e-01 7.736087335054656400e+00
3.135788843088755384e-01 7.939592394802305719e+00
4.690153955816012132e-01 7.757425498220216653e+00
2.406243602126070524e-01 7.938749158288668895e+00
8.316001037426715703e-01 7.739624895814325889e+00
2.679275167704672223e-01 7.961833504790447158e+00
2.397176602873390405e-01 7.760642821413900272e+00
2.641151219963833174e-01 7.938892195355530923e+00
4.483826157889298503e-01 7.764863689095811594e+00
2.712215467491136400e-01 7.945252566878751033e+00
4.854670091028157053e-01 7.730057632915128707e+00
1.630036822482120451e-01 7.947652205828179994e+00
9.989999999239551620e-01 7.760019654666404421e+00
3.390619316944342154e-01 7.965792052979284499e+00
2.216347524404866931e-01 7.745012731502660230e+00
2.639981913408270819e-01 7.953068698310819862e+00
9.366583156654701980e-01 7.791983774583765232e+00
1.762482312381260519e-01 7.947491149441068714e+00
9.989999870270532822e-01 7.775061046893584127e+00
3.684727671285910611e-01 7.948800903147625441e+00
5.453740939342864857e-01 7.777821512135035142e+00
5.356945179378396205e-01 7.962432839530327655e+00
6.558555764855815706e-01 7.771308539304202512e+00
1.817118007145117897e-01 7.947783627453166133e+00
4.589882850374790713e-01 7.766582032104627054e+00
3.668638924990993977e-01 7.959869144670719265e+00
9.989999999999998881e-01 7.749963376180430963e+00
4.090630514632133119e-01 7.956248285464547543e+00
4.235925863425804572e-01 7.765279649073431045e+00
5.571238877398414918e-02 7.935857452434573744e+00
1.222807490694261395e-01 7.761384100049084189e+00
2.794301630679348336e-01 7.943070655971170346e+00
5.071051462905625806e-01 7.736216038191604305e+00
2.147870667760674590e-01 7.950556227080538108e+00
8.640781119279288269e-01 7.770706282394848508e+00
2.010701999142236740e-01 7.942656811699642105e+00
9.290367443031107841e-01 7.730524357584577899e+00
5.079816714072827866e-01 7.954459222884051606e+00
3.556518750588386624e-01 7.747999062441187412e+00
3.521757256970917127e-01 7.950638803391846920e+00
3.930778933615244886e-01 7.766709932212316758e+00
3.443135148243847143e-01 7.956657781121867501e+00
3.582193493923138683e-01 7.758497669085146597e+00
2.753730197224084075e-01 7.947001541709214578e+00
3.962797792464557434e-01 7.737166831650791110e+00
2.745300115001926833e-01 7.958789936283181987e+00
3.195086425172574685e-01 7.767155900408164726e+00
2.566551378205067513e-01 7.933582043531470340e+00
7.776993354288208593e-01 7.763465933039088718e+00
2.998240938753743978e-01 7.954203047412281791e+00
5.797955898863171864e-01 7.775802217497206570e+00
2.529702393226938573e-01 7.959905046131093620e+00
9.989999999958776300e-01 7.765512957249506520e+00
1.002303028293467929e-01 7.949588106681052757e+00
5.384378867205807939e-01 7.762642260767760760e+00
1.194143178517531600e-01 7.967578035462969055e+00
3.755755895783795539e-01 7.759860922867797051e+00
4.644658430534501781e-01 7.960560770852002754e+00
9.989975930710132124e-01 7.788269396892687269e+00
1.181214736552264333e-01 7.950270690426775921e+00
9.989999999999975566e-01 7.719937496973719782e+00
4.933417222113095635e-01 7.955633224402498094e+00
4.165177309539263573e-01 7.749863500762432800e+00
2.203982944159540991e-01 7.944594917592163519e+00
9.601475269744635943e-01 7.747165804319484650e+00
1.636899069860223155e-01 7.948011163131289969e+00
3.947296962329319703e-01 7.775980663103554846e+00
3.208993328710745829e-01 7.961120501897743118e+00
6.090805533646920233e-01 7.759459000109046656e+00
1.893131600129673298e-01 7.940534809178352305e+00
9.989999999999998881e-01 7.724058324058917790e+00
9.336628491233850413e-02 7.945273994715283727e+00
9.989999999999998881e-01 7.743869761155163900e+00
2.548694062294585283e-01 7.953646836903947026e+00
7.175734226282873829e-01 7.747920918618621755e+00
2.423798873723842229e-01 7.950671672382236821e+00
9.989999999999998881e-01 7.770254958816252611e+00
2.123102199582466987e-01 7.960591880491353578e+00
9.989999999999998881e-01 7.755258701844297775e+00
1.285489491660996852e-01 7.945611345563128758e+00
9.989999966273005461e-01 7.762018502273130949e+00
2.818096717581250465e-01 7.947646651226426329e+00
6.799596951723592131e-01 7.748642899084821067e+00
2.288869162575983829e-01 7.944209732042957661e+00
3.442467512699707854e-01 7.741352142864755592e+00
1.676455597811711273e-01 7.961345565618058728e+00
9.989999999999773506e-01 7.763410071774548449e+00
4.952506986470974759e-01 7.957188436284477362e+00
9.989999999965386568e-01 7.780147309419494839e+00
4.532611080206085385e-01 7.951482347444583709e+00
4.310943167645199803e-01 7.741883280686264079e+00
2.943107447281215761e-01 7.944910675196514838e+00
2.850901550588922362e-01 7.761977045796562003e+00
3.462047768282751625e-01 7.944129522140135791e+00
9.989999999854660695e-01 7.763956807691934081e+00
2.460194355952369794e-01 7.949181841012796568e+00
6.981401244394737082e-01 7.760723287827615557e+00
4.565695340390755197e-01 7.948794574468462493e+00
6.318851170094296199e-01 7.764886390927682847e+00
4.866836046614758660e-01 7.957917754268572175e+00
9.989999999999440439e-01 7.706952644613824788e+00
3.466782670598071991e-01 7.958413396177282273e+00
3.548433163585313910e-01 7.767569249735364778e+00
2.212424237842684216e-01 7.942376821523900787e+00
5.454005987759907859e-01 7.733599526845357452e+00
2.225608168549747523e-01 7.940054860343273901e+00
4.893445604704554919e-02 7.741794392823376114e+00
2.207798297742712412e-01 7.963260490586451468e+00
9.989999998496625899e-01 7.768464835874413055e+00
2.823213021111107834e-01 7.948838365992151545e+00
9.989999999999995550e-01 7.775577715362578246e+00
3.045140235770156800e-01 7.942483252122944037e+00
9.989999995691125623e-01 7.725918673658020985e+00
3.630169927051603573e-01 7.945517551085267804e+00
9.989999999999991109e-01 7.780313212424315950e+00
3.640841011937062111e-01 7.960531845080089042e+00
5.634151737543228178e-01 7.753604466988163857e+00
3.249303418559169043e-01 7.950378183190019321e+00
4.557386395795992029e-01 7.748160548766814593e+00
3.614845207252885828e-01 7.956777875775391529e+00
9.989999999998021574e-01 7.792267802898406259e+00
3.815330775966123134e-01 7.965801597231225273e+00
9.989999999956054033e-01 7.781601944952050154e+00
3.593803373278464108e-01 7.943396879264279065e+00
9.764516122057056435e-01 7.773339887172885376e+00
2.965531046041274266e-01 7.945952850329209838e+00
9.989999999999998881e-01 7.751406085074461494e+00
4.735325653504594556e-01 7.950078421658786532e+00
9.989999999999986668e-01 7.769773113455055835e+00
2.542667670986877848e-01 7.938663439166932179e+00
9.621878397952120521e-01 7.768540814653762894e+00
3.463995217603338950e-01 7.956366653141284218e+00
5.346715352877008387e-01 7.767697835712160881e+00
2.066950077210863712e-01 7.945250458773005953e+00
6.595940968839085761e-01 7.755515503519935017e+00
4.925785495462856045e-01 7.944068437740264166e+00
3.631356405922550601e-01 7.763977357503290655e+00
1.268484179426353498e-01 7.941503708394455074e+00
6.041650371410318687e-01 7.763367011859181765e+00
2.717838327519803698e-01 7.953593299198006505e+00
7.387027412427400463e-01 7.786153949115910855e+00
4.119731583457439950e-01 7.949685533247846436e+00
9.989999856408000589e-01 7.762790185035214563e+00
2.544201580702419863e-01 7.939072583618238532e+00
5.499474417148070282e-01 7.783904392029294073e+00
3.713049584253900193e-01 7.956525129852899170e+00
7.224756971238527337e-01 7.742219723733398951e+00
3.983248396737172903e-01 7.959749717377673228e+00
5.793146743791992570e-01 7.763159202869931441e+00
2.550231938220430261e-01 7.954180687003900907e+00
9.242805730506374884e-01 7.762959476557259819e+00
1.962804693942265255e-01 7.950714526293750417e+00
6.981156940572120773e-01 7.760274759324896188e+00
1.393135747827981552e-01 7.936117993363349221e+00
9.989999999999605862e-01 7.757739944229669504e+00
3.787512276649313558e-01 7.955187854112061530e+00
9.989999999999998881e-01 7.749536461030342771e+00
2.448035137953273044e-01 7.946871267947487993e+00
8.138722263551796399e-01 7.785787950383036282e+00
1.525028048242916545e-01 7.942488179792024816e+00
4.807806871441725471e-01 7.770572269344409477e+00
2.852267640382150637e-01 7.958283393220940916e+00
9.989999999999202851e-01 7.762083751882268068e+00
1.772637956327155484e-01 7.943332563151940917e+00
9.989999999782391837e-01 7.766756025835133137e+00
1.916238507228575361e-01 7.945520152077313547e+00
8.062341323855942710e-01 7.769322008426530424e+00
1.002813103919816817e-01 7.942011828444378807e+00
6.613605124960753034e-01 7.766540616032259869e+00
2.651433832745421215e-01 7.957423488263500211e+00
6.740817438380133364e-01 7.770255601212262775e+00
3.811019171912789494e-01 7.956888150338411236e+00
9.989999999999998881e-01 7.759474149081142080e+00
3.382053633334777820e-01 7.951456626257549232e+00
4.421712017651101556e-01 7.761393450829681129e+00
3.288244154087306415e-01 7.947024907024603735e+00
9.989999891076301042e-01 7.747973282108920223e+00
3.240136939454067444e-01 7.949329105629855619e+00
7.312491873055469993e-01 7.742782445247666345e+00
4.359902950370856956e-01 7.964656331768017239e+00
6.627398383959750561e-01 7.774543607792767652e+00
1.949889893944047603e-01 7.944548407133507517e+00
9.989999999952914322e-01 7.757307388633652323e+00
1.234814070406797665e-01 7.929754940794653706e+00
9.216052877417399980e-01 7.749711959681275353e+00
3.058612703009167544e-01 7.949970629014959655e+00
6.711378122943802982e-01 7.771491508111256330e+00
2.576252181629183347e-01 7.960412510627381977e+00
9.989999999999993330e-01 7.757544540578197534e+00
2.672042173855200820e-01 7.951792108836245987e+00
2.463916897122218341e-01 7.761708042523967954e+00
3.010104833993098583e-01 7.956804815365980055e+00
9.917516161275049535e-01 7.744059281221024271e+00
3.222922907129144310e-01 7.947622288105641530e+00
9.989999999999998881e-01 7.789140813587827950e+00
5.393653502334592176e-01 7.951763498080871351e+00
9.989999561799325356e-01 7.726016977554027498e+00
3.039722785002862415e-01 7.946636539964513801e+00
3.262510422467136406e-01 7.731234397797338787e+00
2.940863569609803441e-01 7.945754958878244345e+00
9.989999999999993330e-01 7.749852016747863281e+00
2.414865888664870786e-01 7.944276098618825444e+00
9.989999999999801261e-01 7.743877113740762930e+00
2.704836676753641922e-01 7.937440087613351736e+00
9.767373833504822134e-01 7.789281865335323296e+00
3.478388383560043207e-01 7.957393457217656341e+00
3.399310079424578968e-01 7.720081544089531178e+00
3.047287189029538879e-01 7.937612372440477237e+00
8.137969046083682878e-01 7.751487908486526024e+00
2.659781380972973674e-01 7.949247652462884339e+00
9.989997437568693961e-01 7.769933890261826015e+00
7.605384612702342784e-02 7.959058659382917789e+00
8.138600322855192859e-01 7.777906601911219298e+00
1.019267752481129857e-01 7.952611036598254302e+00
5.379545869073227848e-01 7.769442926935067106e+00
4.913849434586475828e-01 7.972135204116304941e+00
9.989999999999998881e-01 7.759808918528644739e+00
3.818565800984483061e-01 7.942375388972144457e+00
9.989998263580929239e-01 7.764213465343219767e+00
3.016203715427538956e-01 7.945646125134654625e+00
3.147666979798344755e-01 7.732770764911428785e+00
3.449859585765531755e-01 7.954681985993828697e+00
4.534029781044293106e-01 7.756762167461840107e+00
1.430731117865732538e-01 7.953472807796188704e+00
5.186363472542863950e-02 7.717896207770249539e+00
3.611189106469089860e-01 7.963384398382340912e+00
5.008035843397293796e-01 7.760861152353350612e+00
3.112793409069831152e-01 7.941908660049043611e+00
9.989998891592075658e-01 7.727100111196856247e+00
1.544993026452316509e-01 7.948294538922181296e+00
9.989999880851485603e-01 7.749795651379226769e+00
6.571123806087565689e-02 7.933247666953410437e+00
9.989998513515102596e-01 7.757240237114295667e+00
2.724387474422335087e-01 7.954247139581139159e+00
9.989999998240778334e-01 7.755359683486967803e+00
1.393534539018725649e-01 7.942285502639122363e+00
5.525604149442108204e-01 7.764550435034313303e+00
5.684444876437113603e-01 7.963709504050700438e+00
4.101719467777494299e-01 7.761350797906781729e+00
2.563195856366811132e-01 7.949543398505151792e+00
6.149041688614692580e-01 7.742708382221241692e+00
4.114254194344838522e-01 7.945636945828157494e+00
9.989999999999989999e-01 7.783255887189067579e+00
3.050394732682364940e-01 7.951187936965363079e+00
3.933249206440829204e-01 7.790078096121711759e+00
2.879166218588060655e-01 7.948435550951510109e+00
8.369707300762805335e-01 7.783008623422574601e+00
2.126255923467201270e-01 7.960589390550091515e+00
7.274300284946245698e-01 7.768819895093329819e+00
4.685930732393105425e-01 7.947877704979004143e+00
9.011224137300326564e-01 7.774234884893171937e+00
2.219524651026451023e-01 7.943490044532687477e+00
9.989999189914378075e-01 7.763502777968098734e+00
1.968950567282411190e-01 7.945535053866896291e+00
1.332650400033170979e-01 7.760808545620974108e+00
1.681915053672018434e-01 7.945024353774629233e+00
2.114739590143131509e-01 7.738678297062215883e+00
2.448774458481505212e-01 7.949254040944695454e+00
2.532395977183798386e-01 7.701064094030218854e+00
3.110000510650746675e-01 7.946245279972667497e+00
9.517170683693200184e-01 7.751137657882478216e+00
3.924730752404923528e-01 7.946599456370570635e+00
2.677098965391153662e-01 7.742099710006534963e+00
1.765171291651671803e-01 7.947608639395331132e+00
9.989999999990670787e-01 7.776351524012908634e+00
2.442609647560443076e-01 7.950274128999688550e+00
2.015242121825115695e-01 7.703310251105144779e+00
4.257665123908363491e-01 7.950067927468864148e+00
9.989999999999996660e-01 7.730667904356786302e+00
4.408825415211234944e-01 7.949349261916483833e+00
9.989999996654304049e-01 7.727361574206738304e+00
1.827402280683297631e-01 7.939222018832921002e+00
9.989999999999998881e-01 7.749763737947898967e+00
3.598714020444022110e-01 7.953767727980331159e+00
9.989999988341363713e-01 7.761297850088480388e+00
5.286926581947497539e-01 7.957883663096593452e+00
7.739705619228729461e-01 7.745006560800586470e+00
1.879878482943672380e-01 7.932991451403106353e+00
4.269383453013520513e-01 7.767431280128131554e+00
2.087719583383270405e-01 7.953504512199379484e+00
2.277351659317930210e-01 7.765959441091742299e+00
2.025324906561778715e-01 7.938613185029823605e+00
6.259373222820584504e-01 7.761759031045053270e+00
3.793345909097194935e-01 7.951616636263429072e+00
6.514381425925079849e-01 7.786834019276239083e+00
4.452715036797827430e-01 7.961631972050731143e+00
9.989999999999998881e-01 7.771834291252359250e+00
2.934976031762937532e-01 7.952604565362409339e+00
7.905177155156754010e-01 7.747280214108589469e+00
4.153004498707209002e-01 7.951234487077655011e+00
4.785255010825213984e-01 7.775691620595597264e+00
3.238776794921566782e-01 7.944914455054435720e+00
8.454716730589083573e-01 7.795157739443838274e+00
3.325016792458947434e-01 7.934475904931793444e+00
8.664971751317268600e-01 7.788185959217902798e+00
4.026933599067503700e-01 7.952425878386994107e+00
9.989998984607048049e-01 7.748629693322822476e+00
5.061796550260417860e-01 7.945417242159597215e+00
1.952034493073538379e-01 7.738674584538934198e+00
5.119524712041949588e-01 7.952138779723313178e+00
7.698472454958722455e-01 7.742939082792393179e+00
3.730315013365056442e-01 7.946899125440913814e+00
7.578636628120881402e-02 7.721775724181981104e+00
3.887913494680155790e-01 7.957186512679642831e+00
5.754950689239430872e-01 7.763074950551980713e+00
1.567640690946122128e-01 7.951176090510262640e+00
9.989999999990482049e-01 7.771877407880859678e+00
3.348225370491998976e-01 7.960604519691054648e+00
7.082490011994095891e-01 7.715720493425344273e+00
3.515487877035984865e-01 7.942024399595676520e+00
9.989999999999998881e-01 7.744228418114251333e+00
4.958335953255764150e-01 7.981435885679627695e+00
9.989999689103796765e-01 7.760502723404239411e+00
3.473718553058510183e-01 7.948653199611059428e+00
8.417326835880986069e-01 7.741544567717865810e+00
3.287345455227679847e-01 7.961851560514167758e+00
4.596081267731972897e-01 7.744556832734924789e+00
5.889236744578393301e-01 7.971418365261865979e+00
9.989999999949620291e-01 7.747390544311868688e+00
2.010772129514459550e-01 7.950575287687311921e+00
9.989999999889483950e-01 7.764921380978893062e+00
2.805835239421469174e-01 7.954167204505112387e+00
9.989999999999998881e-01 7.785537878750282026e+00
4.203914137738337109e-01 7.938520930950587307e+00
9.989999999998663283e-01 7.755162155349730746e+00
3.547543973180286581e-01 7.955388045714127720e+00
5.466827572600196916e-01 7.761275354901341572e+00
2.252418148463095904e-01 7.943243429368775033e+00
9.989999999999998881e-01 7.771841703862549799e+00
3.774938213639955631e-01 7.942828931156796557e+00
5.903482630673647646e-01 7.758114704752890667e+00
2.486903202460231943e-01 7.956405215476211268e+00
7.962029048523442398e-01 7.779636469378487185e+00
3.568073960391825450e-01 7.950865428314755512e+00
8.415209612301962627e-01 7.767131658227820701e+00
2.949358141040121506e-01 7.957373941603072431e+00
9.989999999999998881e-01 7.772207896073510369e+00
2.269386056511525362e-01 7.948465939883992526e+00
9.989999999999998881e-01 7.736507537991381689e+00
4.212189916913983700e-01 7.951090483615995019e+00
9.989999999975219813e-01 7.755995854815711077e+00
1.625663184578363951e-01 7.949491006255953174e+00
9.989999999999998881e-01 7.767468329038143438e+00
3.386346061346990344e-01 7.941879922516587698e+00
9.989999999999998881e-01 7.769517766220835675e+00
1.497044328115329226e-01 7.951782693714804395e+00
3.998214332521126124e-01 7.773591585255047676e+00
2.023801242708757886e-01 7.962063874260795870e+00
7.427892741353645523e-01 7.709184191410927589e+00
4.956590739126464640e-01 7.965768156154649837e+00
9.989999999999998881e-01 7.767416331053821565e+00
3.171474522947827501e-01 7.944088887896241680e+00
9.986880533688058392e-01 7.763490153833889629e+00
2.448992921185333960e-01 7.945929471126163435e+00
7.702428369600964331e-01 7.751508246606952035e+00
7.906014112252983395e-02 7.944988610678753282e+00
3.905721156406856687e-01 7.756209237214869212e+00
3.737390847847534281e-01 7.946441868601670677e+00
9.213294762256972747e-01 7.763143914440691518e+00
1.786433094481904571e-01 7.946639746676022575e+00
5.095324250577386582e-01 7.750227349485176553e+00
1.411745510619561994e-01 7.957502582124268642e+00
2.951702309031531968e-01 7.759731871251038804e+00
2.463505950776073428e-01 7.947191929401510535e+00
8.742820277509046889e-01 7.758572804809687362e+00
5.502972308333066165e-01 7.955948288497579846e+00
9.989999993082193663e-01 7.770476817862803642e+00
3.670131821271525596e-01 7.960203840893789184e+00
9.989999999999998881e-01 7.755752693974886647e+00
1.471961188806232557e-01 7.944608838407849483e+00
6.471975192092607188e-01 7.753846040906123172e+00
4.386893210347332928e-01 7.948862030036261572e+00
9.989999999999998881e-01 7.764621159624720548e+00
1.629058546782651273e-01 7.940375435795807846e+00
9.989999999993167679e-01 7.779746627075850185e+00
3.227493766591954527e-01 7.958644537273011466e+00
8.288820354119220690e-01 7.763282135303733789e+00
2.709480766513504002e-01 7.947440431583577158e+00
9.989999999999998881e-01 7.752632327679936708e+00
1.879545355113053651e-01 7.948718500114236640e+00
9.989999999999986668e-01 7.730602188898970439e+00
1.490577042671573094e-01 7.947969244745403117e+00
5.959874351353100508e-01 7.755965444780739126e+00
2.663534597105897683e-01 7.952558241022378738e+00
3.471441018794613753e-01 7.754019524023321175e+00
3.462888210502880204e-01 7.952324714507446046e+00
9.989999999967011934e-01 7.762883946701934157e+00
1.466995017621489372e-01 7.957286438277027862e+00
3.527199138510906939e-01 7.761303809248597751e+00
3.188634973533243655e-01 7.954040375165948973e+00
5.192345394235864386e-01 7.769635302500425666e+00
3.457456603512477633e-01 7.936596022300796527e+00
3.437968315144026565e-01 7.760711768067719341e+00
3.491281358808349111e-01 7.954174162615727184e+00
9.989999999999998881e-01 7.785720722158898432e+00
1.834241578183861687e-01 7.945214468180562761e+00
1.574613200632417331e-01 7.740010385256652192e+00
1.890525691847825263e-01 7.937559446547431286e+00
8.639652066600829183e-01 7.763512075505769161e+00
3.095154052094878927e-01 7.948856650744461128e+00
3.599815260935719241e-01 7.781561081668963098e+00
3.038856186998114550e-01 7.959293060624887950e+00
4.881244928135977101e-01 7.742877564421427827e+00
6.405028119249663865e-01 7.958461994769763237e+00
5.638791372436025018e-01 7.779113982121793391e+00
3.349666408088406433e-01 7.955391577166073702e+00
9.989999999461777191e-01 7.766157178395492799e+00
3.862155730960454836e-01 7.959533121910030040e+00
3.231901281436628803e-01 7.753840124694949765e+00
1.610508540561002011e-01 7.944354228515129179e+00
3.171441010612474631e-01 7.766823217974125448e+00
4.215384093609256810e-01 7.955331180277624981e+00
5.730556308336729465e-01 7.765006486148000597e+00
3.068846043595211959e-01 7.963520711400206231e+00
8.815069736848255566e-01 7.773572528469863130e+00
2.080096466194920890e-01 7.943560187530301242e+00
1.145436350821339710e-01 7.742504372986517502e+00
3.782010286536303112e-01 7.953858185491606392e+00
3.684147559893425905e-01 7.734495042876642579e+00
3.150638819263028023e-01 7.944158534473718447e+00
9.989999999997045688e-01 7.743446234869692191e+00
3.516657093649063759e-01 7.945476240130235013e+00
2.455342182322557409e-01 7.748251817288232424e+00
9.213101835448517241e-02 7.939163565839064240e+00
8.395703441151484148e-01 7.750897048480690721e+00
2.871896134480750873e-01 7.941999735798050075e+00
7.939422654099224097e-01 7.727599723341024962e+00
3.442012651549170577e-01 7.944913405689062458e+00
9.989999999991779900e-01 7.720157171470826363e+00
2.497644149587067153e-01 7.937926434094375594e+00
3.065126960729084304e-01 7.756766359192281968e+00
1.332342036898132853e-01 7.946944783829132497e+00
9.989999999999998881e-01 7.782112155262393749e+00
3.017578968076682355e-01 7.939732363198928056e+00
7.587469080155793133e-01 7.756097675698113925e+00
4.873058684797109547e-02 7.947243129703370101e+00
4.146621678176850012e-01 7.773872417492647457e+00
2.649689236004978410e-01 7.953088866900863252e+00
9.989999999999998881e-01 7.766175470775817935e+00
4.226732002371311747e-01 7.970641175281660828e+00
6.035752206334774606e-01 7.771022540631236097e+00
5.241610760599663132e-01 7.959232348747524277e+00
9.989998897028455893e-01 7.741669115028448012e+00
2.850783938059604505e-01 7.942893602787102658e+00
9.989999999998750990e-01 7.778500402092312527e+00
1.775148965989087335e-01 7.942021250070503413e+00
1.673521160782144301e-01 7.730803205183518934e+00
1.139047747623253282e-01 7.939829121975498616e+00
4.496380361252619307e-01 7.757913509288936638e+00
1.314031158437640179e-01 7.943541721499165043e+00
9.989999999999995550e-01 7.726898436950532023e+00
6.677737645326897731e-02 7.932288827332588887e+00
9.989999999999998881e-01 7.746040888202463393e+00
3.787312307750926310e-01 7.953464449026890648e+00
9.989999999999998881e-01 7.781623974184367576e+00
2.873149663062432579e-01 7.947640918245119757e+00
9.989999999999997771e-01 7.756007565769692746e+00
4.531508099322995031e-01 7.953708287028258717e+00
9.989999999999996660e-01 7.790861190559610350e+00
5.688759077426760458e-01 7.958970500314781482e+00
6.679496970960812074e-01 7.745532519497300150e+00
2.864192888338489285e-01 7.942555063376991242e+00
9.989998883498151239e-01 7.778300803158883170e+00
9.268501082698941962e-02 7.946233008868591519e+00
9.818264882358871404e-01 7.749790472840014210e+00
2.069290921700139008e-01 7.951025529541285053e+00
8.432746184936228406e-01 7.729473344904257637e+00
1.837149315315644849e-01 7.956215955177204258e+00
5.572634249054277955e-01 7.735991422524302052e+00
1.769876000950455774e-01 7.951368047122551630e+00
9.989999984767194974e-01 7.768365898976671957e+00
1.283968146201116822e-01 7.953260953632274699e+00
7.152186672854353722e-01 7.756507936200923048e+00
2.446600083107961232e-01 7.951450670092985895e+00
9.989999999969099154e-01 7.787569888907103000e+00
2.708576315974110527e-01 7.952433386655729741e+00
5.230397466347370683e-01 7.762383945194155643e+00
3.021831971400987804e-01 7.952494712932550058e+00
9.989999999999998881e-01 7.796294266813306173e+00
3.195780481231487724e-01 7.956909653930724247e+00
3.135302939044751214e-01 7.740479386268011908e+00
4.595408299264974739e-01 7.947899170923777845e+00
9.989999996126736059e-01 7.743483231973410597e+00
2.759795353660068895e-01 7.942630464131070767e+00
5.496074494447006353e-01 7.747964672731226798e+00
1.271070488300471424e-01 7.944222512891975008e+00
6.681814423739106390e-01 7.782125807189503419e+00
2.946205602918722244e-01 7.946280773494263094e+00
4.081275354162634539e-01 7.757560931582535346e+00
1.822747715486042475e-01 7.947762275267568732e+00
6.621384748393031039e-01 7.764122421885589098e+00
1.870116281416427939e-01 7.957867326610177372e+00
9.989999999999998881e-01 7.756810181363838375e+00
4.480845514011750352e-01 7.955463429129761899e+00
2.616843996465379463e-01 7.756287619956748536e+00
2.086549173980226102e-01 7.950455918670480848e+00
8.555368406729063624e-01 7.750933976643883838e+00
5.629571309919352284e-01 7.971360411048740602e+00
5.191675820099539429e-01 7.750918797691008777e+00
3.316371580021759691e-01 7.934648803861517052e+00
5.555318798959918425e-01 7.752618193301603178e+00
2.589216775778081514e-01 7.944541531396052569e+00
9.624024793974981229e-01 7.765280419806241063e+00
3.272013475019490136e-01 7.950470309311898909e+00
3.571825131181740054e-01 7.753776974103252506e+00
4.817531780465961200e-01 7.967438943507588078e+00
9.989999999999025215e-01 7.765135338551740318e+00
1.892355491279820445e-01 7.946941548989746806e+00
7.309889207314870241e-01 7.762504607040814797e+00
3.987873180457233713e-01 7.962354831327485449e+00
9.989999915006003706e-01 7.750583034111874881e+00
1.946251356258402454e-01 7.940996840688101521e+00
2.108986737067757578e-01 7.730511733724573453e+00
4.194306247822371381e-01 7.949530918807838020e+00
6.591150420392566378e-01 7.756054196733822792e+00
1.544421595597716967e-01 7.949511644558509005e+00
9.989999999970388123e-01 7.773780645554598578e+00
2.614979033090971683e-01 7.943204959636274154e+00
5.878740220415000772e-01 7.720513587724673776e+00
3.365790963181544693e-01 7.947679283773318559e+00
9.989999999999995550e-01 7.744785736219747641e+00
4.886392009324971863e-01 7.950015272004995914e+00
9.989999999999997771e-01 7.761549271302468078e+00
2.193822464513918158e-01 7.943153981146521936e+00
9.989999999999390479e-01 7.761859752384768996e+00
4.348173684757138946e-01 7.947526316612139041e+00
3.564705309046759529e-01 7.778696470939095775e+00
3.053717054947535092e-01 7.941482349394006768e+00
9.989999999999998881e-01 7.768146107975658410e+00
1.740449637581125419e-01 7.942222280024396674e+00
9.989999999931329366e-01 7.764922705111819923e+00
5.459768012865859887e-01 7.959736602506740866e+00
8.031076569737803927e-01 7.744381681638746073e+00
3.875053178478505278e-01 7.955822452654100374e+00
9.989999999995994306e-01 7.752288712912016599e+00
4.006459003141745745e-01 7.949215472095638724e+00
9.989999998528206193e-01 7.771216857615155682e+00
4.094996567998487880e-01 7.960884377615749408e+00
9.989999999227577865e-01 7.738416419943130897e+00
2.870742926734197176e-01 7.951257339080039621e+00
9.989999999999996660e-01 7.738012868585864901e+00
2.465835912150220466e-01 7.947358025596395592e+00
9.913722106679664359e-01 7.758909734848400852e+00
1.597708781333826711e-01 7.955609311637614312e+00
8.294418161605970896e-01 7.767571493451711717e+00
2.933639693981163754e-01 7.951209627697757298e+00
8.042117255465996983e-01 7.765611330628559017e+00
2.716670000168573407e-01 7.942132246986123967e+00
9.989999727126382956e-01 7.751337403649373847e+00
3.934668647246529483e-02 7.940655267980189613e+00
3.111235913250832708e-01 7.755088587292854108e+00
2.750420342235190274e-01 7.948464621516440509e+00
5.119807263415951937e-01 7.785417585336687374e+00
1.664384418056891468e-01 7.945114314444228221e+00
5.683471152914596480e-01 7.712452446371275805e+00
4.137479788485422527e-01 7.950295594967338175e+00
9.989999999995363700e-01 7.734587821504461225e+00
4.368645973846616015e-01 7.944009395312351174e+00
6.110438005865748146e-01 7.782069653510378160e+00
1.660476738699823152e-01 7.936804230834432872e+00
5.531828631157226228e-01 7.782086428183930593e+00
1.967665376181590708e-01 7.943879617869587406e+00
9.989999992907108162e-01 7.741713933229581457e+00
2.410914463536514007e-01 7.952814099983220864e+00
9.989999999995516911e-01 7.735818541555460115e+00
3.884470717120771521e-01 7.942861320429714489e+00
9.989999999353909033e-01 7.729294817020729624e+00
1.488462831083092186e-01 7.941533123824327411e+00
9.791182012126632417e-01 7.746917189098347478e+00
2.514279545423069862e-01 7.948271940396992363e+00
9.989999999995184954e-01 7.720088513101821093e+00
3.359196512595643558e-01 7.951436811775112190e+00
3.474498014914995103e-01 7.780293348299347933e+00
3.103383157439579265e-01 7.958788163563697005e+00
8.460872568640865898e-01 7.755900996431719818e+00
7.943614831928012820e-02 7.942627259314436472e+00
9.989999999999989999e-01 7.771186001670853827e+00
2.862945255291032276e-01 7.949290583676743793e+00
9.989999999999972236e-01 7.749577398958458652e+00
9.191957045718303354e-02 7.943186893842496765e+00
3.096436881176423128e-01 7.757893054794778642e+00
2.009912238754404112e-01 7.960936223870845652e+00
5.401452271290335672e-01 7.761957501589389352e+00
2.601874747548186817e-01 7.960487229144504795e+00
9.989999999999327196e-01 7.771668288899123311e+00
1.884325215621724114e-01 7.953513035913592155e+00
4.429423242734231159e-01 7.779035511100282463e+00
2.434104511709480334e-01 7.953520914690572319e+00
9.989999999999998881e-01 7.731067755575062428e+00
3.267442623871549823e-01 7.946052191873028470e+00
9.989999999999997771e-01 7.761483602480462096e+00
6.671593177611460923e-02 7.952766613056948763e+00
4.379674528387690891e-01 7.782539447283757461e+00
2.385493879197495559e-01 7.953374870951318343e+00
9.989999999999531477e-01 7.748276946245397312e+00
1.710567311732409668e-01 7.945634013720165534e+00
9.989999999993405266e-01 7.776486115994852177e+00
2.285188815379843030e-01 7.945915579662770512e+00
6.548327660903733305e-01 7.777779067361404230e+00
1.915607646229731675e-01 7.936032812760351440e+00
9.989999998679862658e-01 7.729863635234880626e+00
4.291919014295402235e-01 7.947273625843232381e+00
9.989999999939114250e-01 7.751512809702255424e+00
1.175541256173502636e-01 7.948997679294492080e+00
9.236090024363197148e-01 7.799841324262376752e+00
2.158944277041195681e-01 7.958045111085870538e+00
9.989999710925471232e-01 7.763452360029572397e+00
3.813232860768934196e-01 7.947450472009266242e+00
8.403477975836303182e-01 7.766184588397832655e+00
3.640384047957085367e-01 7.951750449697166268e+00
9.850866510097218420e-02 7.706193706818393885e+00
3.302168325538283322e-01 7.948605435906881844e+00
7.951213471833020741e-01 7.738896161748065161e+00
3.700933657779914565e-01 7.947372260023840340e+00
3.883371591611119444e-01 7.763937999770487153e+00
1.884527030142638115e-01 7.955679598337933811e+00
9.422342595542466670e-01 7.736504226645737781e+00
3.332715423617508277e-01 7.959162474909548202e+00
9.989999999999195079e-01 7.735212380695362988e+00
2.428740025462379493e-01 7.949433962118785502e+00
8.393515005813351193e-01 7.765369990210659878e+00
1.368053027972978564e-01 7.958111679261956617e+00
4.011372632565989860e-01 7.746307137692736156e+00
1.785847228334882242e-01 7.950001820626600768e+00
5.460555762211548592e-01 7.739451061392645492e+00
3.464734809269901517e-01 7.960771710504070064e+00
8.293429425239995378e-01 7.769728997216835964e+00
3.227695930030763383e-01 7.951467230923397800e+00
3.777271586719022078e-01 7.769672519339168915e+00
2.578826374812327460e-01 7.943275855974437860e+00
9.989999998289177396e-01 7.761174852432038307e+00
4.393986572671662594e-01 7.939387449188131107e+00
2.471311851107602930e-01 7.752334468705560866e+00
3.183744647165947517e-01 7.943916255007285265e+00
9.989998772563635221e-01 7.756356294931848971e+00
2.591210777964006451e-01 7.941698084860933093e+00
2.839471609456068468e-01 7.750298772158132898e+00
3.102700621914999402e-01 7.965157783658391999e+00
5.442621948649516428e-01 7.773547641965704358e+00
2.235996279253992247e-01 7.959766053413788178e+00
9.989999999999914504e-01 7.758436701823282711e+00
2.287076198053063225e-01 7.944642621390745063e+00
9.989999999999998881e-01 7.713053296435634643e+00
3.732129035017279217e-01 7.949356159455851945e+00
6.349930986794677379e-01 7.739766161832452696e+00
3.473431239223760958e-01 7.958732253414601665e+00
9.989999999999998881e-01 7.749652240487361787e+00
3.248476629417439976e-01 7.950107521966187640e+00
9.989999999999998881e-01 7.778970977211704607e+00
2.230224480187392999e-01 7.935677257018246777e+00
3.427463454598754233e-01 7.758554107104617792e+00
2.435256894759604551e-01 7.940830617252220947e+00
3.066247203114070286e-01 7.729474556485084413e+00
3.064575666408191346e-01 7.935156523867725298e+00
8.051356383466004019e-01 7.748713838796653874e+00
4.406736323375606279e-01 7.956627012461086501e+00
9.989999999999998881e-01 7.739806350772929555e+00
3.379956056594268787e-01 7.951920243898479512e+00
9.989999999999998881e-01 7.769356891705629486e+00
2.970696397059053306e-01 7.950374255561276193e+00
4.870696079725165273e-01 7.771831605927455477e+00
2.660459702999224962e-01 7.942184843380839077e+00
3.877840491906199283e-01 7.741258362760176759e+00
2.904340694271388412e-01 7.949249999704083081e+00
2.190898919439567827e-01 7.755462662749224911e+00
2.551960237852500812e-01 7.948591358957397546e+00
9.989999972503952330e-01 7.781095874517348854e+00
2.763057936859670827e-01 7.965818362879390158e+00
8.930013531000311477e-01 7.735360139350913933e+00
5.873987785653402849e-01 7.962796880304821023e+00
9.989999999999739089e-01 7.757935898606839409e+00
2.576436580195801684e-01 7.944404405966945859e+00
4.868184320847070423e-01 7.731641889949147917e+00
2.877757132150846608e-01 7.944859287211706089e+00
9.989999999999989999e-01 7.761747736337171411e+00
2.406549551802241449e-01 7.937825122028407954e+00
3.769807376364460172e-01 7.755443830806052041e+00
1.437114382339070295e-01 7.943360449719778948e+00
9.989999999966141520e-01 7.781454366084520125e+00
2.151228311494242929e-01 7.939241065552959498e+00
9.393840050491066851e-01 7.742326483326242403e+00
4.396661248101376152e-01 7.947604481009275190e+00
1.509488854144873382e-01 7.704267203295874999e+00
2.143004764931789596e-01 7.948987501259304089e+00
9.989999999578164092e-01 7.767430080732382613e+00
4.770990695116087976e-01 7.948059057806234229e+00
9.989999999997577484e-01 7.735426950883726782e+00
2.133573487964970372e-01 7.937027790782269498e+00
7.425951832475564951e-02 7.743065081555596585e+00
2.850055755116846501e-01 7.957776908834793161e+00
6.964424283273847049e-02 7.736463379770690985e+00
2.104005771019354376e-01 7.952613127619520661e+00
8.747512163971362664e-01 7.759500947200857368e+00
3.748125443623294140e-01 7.955739740052147013e+00
5.441831674190619195e-01 7.758990462162124402e+00
2.060555705628981105e-01 7.934254937643950178e+00
9.989999999999998881e-01 7.761790320084081429e+00
3.855668573930047249e-01 7.957255861107372930e+00
9.989999876099551201e-01 7.714078122856901309e+00
2.532133271264840890e-01 7.944565477778042784e+00
2.750305628713309303e-01 7.740278719070374791e+00
2.401554016346204301e-01 7.952747353592691582e+00
9.989999999996356239e-01 7.780023790864530220e+00
2.445821686621299229e-01 7.946529361429389482e+00
9.989999999999821245e-01 7.758730231447704462e+00
4.674528045858676317e-01 7.956455111883220077e+00
3.963763304868404003e-01 7.767350131714279904e+00
4.278071558448725553e-01 7.950812593729589928e+00
9.989999438880102778e-01 7.747583463579539753e+00
1.853597314174048327e-01 7.941291765419819626e+00
6.381590782557462482e-01 7.744189167687627773e+00
3.599695381741954692e-01 7.938705685700875314e+00
2.498566869502125420e-01 7.722924471683332293e+00
2.301374871043212755e-01 7.950516907774329844e+00
6.615379724708261300e-01 7.773155529800098940e+00
1.809846258958468512e-01 7.940785147275391864e+00
9.989999999999998881e-01 7.724751511772638857e+00
2.122885621872777628e-01 7.952569243769527674e+00
2.837253148345698084e-01 7.754086365996937680e+00
2.408829146462427295e-01 7.945982240400409680e+00
7.911616887362369344e-01 7.768557283378752842e+00
2.182548213735109877e-01 7.961285055726457394e+00
9.989999999999975566e-01 7.739265414987809955e+00
4.886812466677799560e-01 7.955236493275248399e+00
9.989999999999981117e-01 7.753213621990452609e+00
2.787007702668551912e-01 7.932878617534952603e+00
9.989999999999998881e-01 7.760775178477294922e+00
3.437429741634216995e-01 7.944853236758768311e+00
5.398048684419333165e-01 7.750574106252012818e+00
4.629701789619586338e-01 7.954660003640533716e+00
9.989999999999759073e-01 7.745372736264870106e+00
2.717174982314001230e-01 7.955395168225743774e+00
9.989999999999998881e-01 7.773778681930539669e+00
4.352237193786776537e-01 7.953069199536519918e+00
9.989999999999998881e-01 7.746061402068460389e+00
3.483580455134812071e-01 7.953008275842124775e+00
3.106846857476429080e-01 7.735377994054981166e+00
3.225987053004871208e-01 7.952984079578485854e+00
4.948881068138387129e-01 7.764920910228489070e+00
1.310049015875011935e-01 7.944548725941513290e+00
9.989999999999998881e-01 7.732769576979144688e+00
3.924426858327866863e-01 7.951307773025138914e+00
9.989999999999433777e-01 7.786453721458180155e+00
2.864639933503086433e-01 7.951426264552207357e+00
9.989999999999846780e-01 7.754777517360374794e+00
2.694318970212086217e-01 7.941462160777626345e+00
2.293157025900583457e-01 7.770729925840110575e+00
3.282500034813854994e-01 7.948211039247139453e+00
9.989999999999998881e-01 7.750718502453121772e+00
5.863440096054880479e-01 7.956293228698739561e+00
9.989999999982542844e-01 7.767004395809752992e+00
1.136086623394914064e-01 7.941292656223127189e+00
5.857321910261289455e-01 7.749494043783009545e+00
3.794748201601275683e-01 7.955612788770245913e+00
9.989999999998575575e-01 7.774616998944792634e+00
2.545095600197974650e-01 7.957625105688917344e+00
9.989999999999947811e-01 7.762425061878659882e+00
4.212119380531869628e-01 7.953386055633576035e+00
3.445699156503878591e-01 7.753965670102246577e+00
4.328032990252284051e-01 7.954330310438797014e+00
5.183111207989685720e-01 7.771895820082583839e+00
1.218820464109647561e-01 7.951213898523234569e+00
8.170145280738386750e-01 7.782217269735822285e+00
2.241448602131135281e-01 7.932600715480443654e+00
6.822082968444702633e-01 7.732131101578921140e+00
2.407423454072376567e-01 7.945792832292671193e+00
3.613458776386168081e-01 7.747697415224926942e+00
3.659152332993742540e-01 7.947888866294771759e+00
9.989999999994982893e-01 7.721702666107134405e+00
1.575247218882860345e-01 7.944354898613657845e+00
4.138963905529089993e-01 7.734188731621886248e+00
3.938188555165151872e-01 7.955101500518015456e+00
2.761696376001219755e-01 7.758036406963583431e+00
3.210499904346338362e-01 7.947912189271256089e+00
3.488495441688584942e-01 7.740802625508555579e+00
2.828221472295481265e-01 7.944682007169115323e+00
4.678946450608039709e-01 7.755678742574670714e+00
4.379568563046865037e-01 7.961794540461155201e+00
6.304547125999747648e-01 7.760445484375944503e+00
1.889669903253436978e-01 7.946889092742680738e+00
3.960974945483616838e-01 7.774438909994929148e+00
3.118205195490335035e-01 7.952858115118228710e+00
9.989999999999998881e-01 7.770793618885724285e+00
2.986574465174177684e-01 7.957843395946476939e+00
9.989999999999989999e-01 7.747248070260995156e+00
4.716341044727405118e-01 7.955091056943269123e+00
3.325543094895526686e-01 7.724973702525529617e+00
2.835323545624722219e-01 7.942617171091936434e+00
6.503838839175117847e-01 7.762686979173856194e+00
4.107793495537301887e-01 7.957595512266884441e+00
2.336165741635064519e-01 7.742475708862021300e+00
2.419108221741708420e-01 7.932112121321150511e+00
1.910247332359484851e-01 7.761251138549329909e+00
2.479985213268224020e-01 7.941500315902595197e+00
4.442678455972896567e-01 7.754450878440132477e+00
1.563484058454513437e-01 7.950000089730223429e+00
9.989999999997910551e-01 7.791514490464970244e+00
1.301333101282425297e-01 7.951810142575710394e+00
8.384276726539677815e-01 7.738560597965958188e+00
2.342367684802055539e-01 7.952277625068354894e+00
9.989988010719447198e-01 7.763465155681201324e+00
3.157586732031151255e-01 7.956184551292252216e+00
9.989999994216419710e-01 7.712982615252485630e+00
3.213316851733657997e-01 7.953161170434248639e+00
5.861641419400062114e-01 7.746331150722141956e+00
3.199332251430214713e-01 7.958219331892400383e+00
9.989999999999998881e-01 7.773167308922658947e+00
1.744984618821071032e-01 7.951520758415589363e+00
3.614277271845657280e-01 7.724154194239557292e+00
1.141410542573353948e-01 7.939270833628316204e+00
4.937708030135686821e-01 7.750789046157199991e+00
4.235811436633442617e-01 7.950429114606379244e+00
2.197740285335532673e-01 7.743649891016044506e+00
4.336965762305168837e-01 7.942328300822115494e+00
5.140457299450319484e-01 7.770700596004254557e+00
2.210116445698924736e-01 7.933504372585538533e+00
9.989999999999830127e-01 7.728217964575868848e+00
3.923704547500873052e-01 7.953738997292914448e+00
2.876144256024342760e-01 7.739495668124718897e+00
1.907172408491367155e-01 7.939013306059132802e+00
4.443786939835738248e-01 7.759274364808876889e+00
3.458695477218511893e-01 7.954320532351122353e+00
1.423887662857014139e-02 7.718237850653608234e+00
2.213329041805683350e-01 7.957229090270164562e+00
6.255919067405240064e-01 7.777750171234269594e+00
2.731609577407651535e-01 7.961578510790501717e+00
9.989999999912679840e-01 7.805057098099962509e+00
1.479254205023380619e-01 7.963521200086030483e+00
9.316807849213983861e-01 7.756382141473394221e+00
8.223667344896068432e-02 7.932322902796287600e+00
3.734820691330426601e-01 7.727582313039424555e+00
1.415544811759552324e-01 7.928221499868998379e+00
2.943013035578777026e-01 7.764799386229757516e+00
5.546035868830830884e-01 7.960740605466621211e+00
6.412509040746146027e-01 7.734373702715114263e+00
2.579660525638668434e-01 7.941942595123634874e+00
5.306084474850182309e-01 7.753600400079961652e+00
2.714848787469416047e-01 7.942584976029539945e+00
9.989999993459559580e-01 7.770195406943160243e+00
