6.841844461696411361e-01 7.953529398853888210e+00 9.989999999995680113e-01
2.885098861191897068e-01 7.769393863203685413e+00 3.678737392568952047e-01
9.526323975205788774e-02 7.938620985325312240e+00 9.989999999999998881e-01
6.716681043105952043e-01 7.788338842241966375e+00 1.000000002486835628e-03
5.641812952299309902e-01 7.948474260370419486e+00 9.989999999999998881e-01
4.434431668883726529e-01 7.732318403325545653e+00 9.989999999999998881e-01
3.998076467841132353e-01 7.947466199814019028e+00 9.989999999999998881e-01
9.989999999999998881e-01 7.736603113034933088e+00 1.000000000000018669e-03
3.675667792185446925e-01 7.936195138389058990e+00 9.989999999981101775e-01
9.989999999999998881e-01 7.774402066152314106e+00 1.524486223025955656e-01
9.635295765106178800e-01 7.941565867606513507e+00 9.989999999993017799e-01
9.596380112745873658e-01 7.752091930203755865e+00 9.989999999999997771e-01
6.082447897898045630e-01 7.933488740548803264e+00 9.989999999551252285e-01
9.989999999999408242e-01 7.730413320544183620e+00 1.000000000046224764e-03
1.547712724288122510e-01 7.938866605818954092e+00 9.989999999655330143e-01
9.408354119643541624e-01 7.741737456926929717e+00 1.000000162344688494e-03
6.812991027918573472e-01 7.947293198275864334e+00 9.989999999764050953e-01
9.989999877611602797e-01 7.733660437188503600e+00 1.000106931020638794e-03
9.989999999999998881e-01 7.950292568179317954e+00 9.989999999999998881e-01
8.056494225383058483e-01 7.746694160797824580e+00 9.989999999005579889e-01
9.989999893192895719e-01 7.961459593034819093e+00 9.989999999999973346e-01
1.281197899110802507e-01 7.776062718394977757e+00 1.000000015861107587e-03
4.204685398976117372e-01 7.967908046786056353e+00 9.989999999999994440e-01
3.330648505875258847e-01 7.726409906418449935e+00 9.989999999934064956e-01
8.204189633133357473e-01 7.966406825201366004e+00 9.989999999999260583e-01
5.579773082767364167e-01 7.737194901664825153e+00 9.989999996316926145e-01
4.260414041923706874e-01 7.950766574271983522e+00 9.989999999999813474e-01
7.136845768531395739e-01 7.749316922706550592e+00 9.989999999814729303e-01
2.197001302389683247e-03 7.931515517266542581e+00 9.989999999999721325e-01
9.989999999902978711e-01 7.791017545131336597e+00 4.675678130427860513e-01
6.537247546949001009e-01 7.942660079944133145e+00 9.989999999992472679e-01
3.863045174447668484e-01 7.742307508811722805e+00 9.989999999999840119e-01
5.210682791994114549e-01 7.950732314984160887e+00 9.989999999978461664e-01
9.989999999999987779e-01 7.747421353038711267e+00 9.989999999161675026e-01
6.200448649370984278e-01 7.940703346492116843e+00 9.989999998879497412e-01
8.829834311092999988e-01 7.760637109845231585e+00 9.989999999999212843e-01
7.758507777788451465e-01 7.954000392202644321e+00 9.989999999999807923e-01
9.989999999999987779e-01 7.754502911084993677e+00 1.236499682731455607e-01
6.799495917016448177e-01 7.944921398306888705e+00 9.989999999996846958e-01
9.989999999978891321e-01 7.750627016601794317e+00 5.034806141605171481e-01
2.947135842399230543e-01 7.941296239967416959e+00 9.989999999999992220e-01
1.000000098766699701e-03 7.739783988663234027e+00 7.235771793158017884e-01
7.018906863813104691e-01 7.952076254256626342e+00 9.989999999985956780e-01
6.625606625568914998e-01 7.731871892321275475e+00 1.000000000696123735e-03
6.614062295287505000e-01 7.944351069193880122e+00 9.989999999999905622e-01
9.989999999999998881e-01 7.724726383002337826e+00 9.989999977169604639e-01
6.080290947533046886e-01 7.959844119246892724e+00 9.989999999973976363e-01
9.989999999576765211e-01 7.748953164108110414e+00 1.000000056349115716e-03
3.679736001315518923e-01 7.950066632808648670e+00 9.989999995888578788e-01
9.989999999978832479e-01 7.790514922295886713e+00 7.473798235703450477e-01
6.218540999345455456e-01 7.939555041519797740e+00 9.989999999999998881e-01
9.989999999978245171e-01 7.748576411103853978e+00 7.331902625939813456e-01
6.408030930182817553e-01 7.947820730397158862e+00 9.989999999996930224e-01
6.419886493235863467e-01 7.743019354633008611e+00 1.000000020792323830e-03
5.752585823575094848e-01 7.943832665154817008e+00 9.989999999702251499e-01
4.707026028511152038e-01 7.763625094302094354e+00 1.000000000000000238e-03
7.129593018255082626e-01 7.942361698842749895e+00 9.989999999994750857e-01
9.417669943668728338e-01 7.745392356710401494e+00 9.989999006468492926e-01
5.764737991311513765e-01 7.953930296129948729e+00 9.989999999999998881e-01
9.989999999999998881e-01 7.742475558459045004e+00 1.000000000000005008e-03
9.711708390013751302e-01 7.965512234984655215e+00 9.989999999999997771e-01
9.989999999999998881e-01 7.762908745849171233e+00 1.000000000000006309e-03
7.942673378887395996e-01 7.953854297419137076e+00 9.989999999994608748e-01
4.885919783760144797e-01 7.713021453052403942e+00 9.989999999999998881e-01
9.016614782376938253e-01 7.955646683622893178e+00 9.989999999999749081e-01
9.989999999999983338e-01 7.765530932327831870e+00 1.000000000000132293e-03
6.836778537650765042e-01 7.943081793458999229e+00 9.989999999999057412e-01
7.419904761805522497e-01 7.759537047374029051e+00 1.000000000000000238e-03
8.876392226649736372e-01 7.958273416041580006e+00 9.989999999998256941e-01
9.989999999999998881e-01 7.778575591247500753e+00 1.000000000000060086e-03
8.351459352929209157e-01 7.962718644048485395e+00 9.989999999917649198e-01
9.989999999999874536e-01 7.753913280026739407e+00 9.989999999999998881e-01
3.018134198169888927e-01 7.959940366951951951e+00 9.989999999825727173e-01
9.989999999999998881e-01 7.744859862843104459e+00 1.000000000000000238e-03
8.453226521912567959e-01 7.959069690916032336e+00 9.989999999933152353e-01
9.989999988843375478e-01 7.756972306488893132e+00 1.000000879491873447e-03
7.833923373784441591e-01 7.942881119559660696e+00 9.989999999993327551e-01
9.876300456187858678e-01 7.742515277741150115e+00 9.989999999787735341e-01
4.724509292811502337e-01 7.951842238696813503e+00 9.989999999479939330e-01
9.989999688920437881e-01 7.763018043217694064e+00 1.000010542231518761e-03
7.160057375823958292e-01 7.954901762797762288e+00 9.989999999999960023e-01
9.444326375659332085e-01 7.777931533360477268e+00 1.000000000018701641e-03
4.448017173846828265e-01 7.951789228396198617e+00 9.989999996167909790e-01
4.553448343268285958e-01 7.775907123877424887e+00 1.000000000024996952e-03
4.629874393230248852e-01 7.944641394843944937e+00 9.989999999999998881e-01
4.579538937719465630e-01 7.722865658984615855e+00 9.989999982922213029e-01
8.482908354869456158e-01 7.955391623536882229e+00 9.989999999999998881e-01
9.989999999910076367e-01 7.777755673098827316e+00 5.109878922535340817e-02
5.997755633823134147e-01 7.934772395828913361e+00 9.989999999874226155e-01
1.000002760942135310e-03 7.730443033850828094e+00 4.046164860621727644e-01
5.489223450988893749e-01 7.939998495311595406e+00 9.989999999999992220e-01
9.989999999999965574e-01 7.746632461990332175e+00 9.989999999999998881e-01
5.167903135994094121e-01 7.938521961469336752e+00 9.989999999998543379e-01
1.000000044473956656e-03 7.726848184602284952e+00 6.202192842191832645e-01
8.296786988492045323e-01 7.983631918330440946e+00 9.989999999999963354e-01
8.836850663598309064e-01 7.747908962699225022e+00 1.000005723724151996e-03
3.497457253093861906e-01 7.948667199153907070e+00 9.989999999999996660e-01
5.116474543263215269e-01 7.742375771546148755e+00 1.000001594262434328e-03
5.835385680249716156e-01 7.945805816795197707e+00 9.989999999652634521e-01
9.547568614708388246e-01 7.775391175286320511e+00 9.989999999992149604e-01
8.738182808301435678e-01 7.957355108143733702e+00 9.989999999983978363e-01
9.989999998246922308e-01 7.760507457163184242e+00 1.752397693204596485e-01
7.371293173908120000e-01 7.952866637067276478e+00 9.989999999998979696e-01
1.100955213926765319e-01 7.778225610880895147e+00 1.087384487354279769e-02
5.715954550641950682e-01 7.944608813481454312e+00 9.989999999999998881e-01
9.989999999999998881e-01 7.736160614329684826e+00 6.383278218492824951e-01
5.142105480948917506e-01 7.951890999814801297e+00 9.989999999998794289e-01
6.565929592766759360e-01 7.751125807369548149e+00 9.989999999556781196e-01
5.678081592593363647e-01 7.936269326964698223e+00 9.989999999917363871e-01
9.989999999999955582e-01 7.738720199706586200e+00 7.024818813296372921e-01
9.989998863384731420e-01 7.951600571983065358e+00 9.989999999999978897e-01
9.989997420850742493e-01 7.768017657543640375e+00 9.989999999051523139e-01
5.358993117435828513e-01 7.936350506433496044e+00 9.989999999999994440e-01
9.989999999999900071e-01 7.762470351860475404e+00 5.612582073938842120e-01
9.510754239079787231e-01 7.957717553998031157e+00 9.989999999999932268e-01
9.989999999999998881e-01 7.748667861621709285e+00 7.306052813676788826e-01
5.751294368929992240e-01 7.956957593621472036e+00 9.989999999999861213e-01
9.989999999999905622e-01 7.759702583211432803e+00 1.000000000081062998e-03
9.989999998525141978e-01 7.946942339543126010e+00 9.989999999999998881e-01
9.989999998963563499e-01 7.773165147874958159e+00 2.244099320236227213e-01
3.670655181080081375e-01 7.944318914884350491e+00 9.989999996654250758e-01
9.989999892684320315e-01 7.745175432681678629e+00 1.000004249813098460e-03
9.108766380778738903e-01 7.956510735517360544e+00 9.989999999999850111e-01
2.987362236740760402e-01 7.767828432216450807e+00 1.000000000000007177e-03
6.520648335443728350e-01 7.949633074613527306e+00 9.989999999998651070e-01
5.080616961552653077e-01 7.762905794521282488e+00 1.000000000000000238e-03
8.146807208009849699e-01 7.954955243709141754e+00 9.989999999757980254e-01
9.616620615464233079e-01 7.748260732528341244e+00 9.989999999870180503e-01
3.789125253870862520e-01 7.938988755224572813e+00 9.989999999904225492e-01
9.989999999981091783e-01 7.757070014842251560e+00 9.258631929823484263e-01
4.788128440259684648e-01 7.967208488153075585e+00 9.989999998194944997e-01
9.989999999999998881e-01 7.786960435683354831e+00 1.000000046604068498e-03
6.542924341638388652e-01 7.962191141134664640e+00 9.989999999996885816e-01
9.989999999999998881e-01 7.776850735571549933e+00 1.000000000000003273e-03
7.109705373027379594e-01 7.959295874611107102e+00 9.989999999724207269e-01
9.989999999996055369e-01 7.772935640554974768e+00 9.989999999999998881e-01
6.884909084928031442e-01 7.941326808016176741e+00 9.989999999999998881e-01
9.989999999999980007e-01 7.779432105975523370e+00 1.000000000011276157e-03
5.044718155787561997e-01 7.939135136051008068e+00 9.989999999999994440e-01
4.578263300201169672e-01 7.714068059222830342e+00 8.207115688429524880e-01
6.272204215078043266e-01 7.950889741092826313e+00 9.989999999999995550e-01
9.989999999870312619e-01 7.742255806909188465e+00 1.000000012308031785e-03
7.634810913778682373e-01 7.948239875535316301e+00 9.989999999999966684e-01
9.989999989472421182e-01 7.763612807495298362e+00 5.700262227317293151e-01
3.240925620415986419e-01 7.940055053248736172e+00 9.989999999960123001e-01
9.989999999938005137e-01 7.714954411372593412e+00 6.134283955570171143e-01
6.648400341665058333e-01 7.950449416653410317e+00 9.989999999955320176e-01
9.989990955235291681e-01 7.736664047218802409e+00 9.989999997986629410e-01
7.605176493955858597e-01 7.949753809604972687e+00 9.989999999999998881e-01
5.476906680568535135e-01 7.757524733278987839e+00 8.188011931561420820e-01
4.204628558672932059e-01 7.933737033726965038e+00 9.989999999999918945e-01
9.989999999987024815e-01 7.758581889070350179e+00 1.000000055855218475e-03
4.221027223041498577e-01 7.967771435699836147e+00 9.989999999999937819e-01
7.555113639027153383e-01 7.759898946013279897e+00 1.000000019636761639e-03
6.191779818003676494e-01 7.950684934930724701e+00 9.989999999169063560e-01
9.989999980758719200e-01 7.767496205675482379e+00 9.989999999999669145e-01
3.903907769674128669e-01 7.950126023795629493e+00 9.989999999999817915e-01
7.866858144578194878e-01 7.754004108529355399e+00 9.989999999044805179e-01
8.327345152759900726e-01 7.934934254619504301e+00 9.989999999995884394e-01
9.989999999999998881e-01 7.760917050004449536e+00 1.000000000000199731e-03
7.115456401295042754e-01 7.943933458946828452e+00 9.989999998392375957e-01
9.989999997487936101e-01 7.773753435156910641e+00 1.000000426761962161e-03
7.507659072519300425e-01 7.956132965705660531e+00 9.989999999945240461e-01
4.519093554799656354e-01 7.758046048955070439e+00 9.989999999999998881e-01
6.683301853611455234e-01 7.955661482007266194e+00 9.989999999999906732e-01
7.309666936802077242e-01 7.755623292375688038e+00 1.000000034803194852e-03
2.851732915393757617e-01 7.948602563377665575e+00 9.989999999955676557e-01
9.989999999994857438e-01 7.776080569526211406e+00 9.130200729145123706e-01
7.897856797931074313e-01 7.956140946876775644e+00 9.989999999999374936e-01
7.786604006230857244e-01 7.737057368447065819e+00 9.989999999998101510e-01
6.056715857373337064e-01 7.954365555780022135e+00 9.989999999831599142e-01
8.632629238483607859e-01 7.761698499053489186e+00 9.989999999999722435e-01
1.768569507134689078e-01 7.941815372593699962e+00 9.989999999683045750e-01
9.989999999997231095e-01 7.764865860601696923e+00 1.000000000156465139e-03
5.267385319493697038e-01 7.942157005458239993e+00 9.989999999999578106e-01
9.989999999937593245e-01 7.763207246376635062e+00 4.167053174993506914e-01
7.502051987601920935e-01 7.931338155045743576e+00 9.989999999981959977e-01
9.468757848067065330e-01 7.772229428573161236e+00 9.989999999998182556e-01
9.158311734324607878e-01 7.959300512290655938e+00 9.989999999758686355e-01
9.989999999999968905e-01 7.773490367074620266e+00 7.111435902737661685e-01
1.292974489249808789e-01 7.941345134973513353e+00 9.989999999877786641e-01
8.106950466355211660e-01 7.766580978676940639e+00 9.989999999985156309e-01
6.232007808703503571e-01 7.961774826678472472e+00 9.989999998855442209e-01
9.989999999892390514e-01 7.767453916516915413e+00 8.666379577238338960e-01
9.705941886718971734e-01 7.959144808435852703e+00 9.989999999999996660e-01
9.989999958227884225e-01 7.777326498837950908e+00 1.000047243057250977e-03
3.841433079562640573e-01 7.947107780254311749e+00 9.989999999999991109e-01
5.757866063383506594e-01 7.773462395612110498e+00 1.000000000003339797e-03
3.141489916414400008e-01 7.928712929995677783e+00 9.989999999994566560e-01
9.989999999025448441e-01 7.719568701484984530e+00 9.989999999999998881e-01
3.763879809210159411e-01 7.950379360419746355e+00 9.989999995243872277e-01
9.422231736420295656e-01 7.761881870133097827e+00 9.989999999980685441e-01
6.525973848751014383e-01 7.947764505199221396e+00 9.989999997788948649e-01
9.989999994681282303e-01 7.757635938450815338e+00 9.181144586265468921e-02
9.989967239371504437e-01 7.952095121848499204e+00 9.989999999971956868e-01
9.989999999982031031e-01 7.732529466919943140e+00 7.035717705091425467e-01
3.884510164431589363e-01 7.940944746455799397e+00 9.989999999999747970e-01
9.292057792582321119e-01 7.765643548772525939e+00 9.989999999999998881e-01
7.825023691820838234e-01 7.944977013716566283e+00 9.989999999759616722e-01
7.868505675317197801e-01 7.760695019675066142e+00 9.989999999993621760e-01
7.403262443506916091e-01 7.954360406468528488e+00 9.989999999999943370e-01
7.516752686364975844e-01 7.751066413253569820e+00 9.989999999999081837e-01
4.540597991826448299e-01 7.956218881629505191e+00 9.989999998160749017e-01
9.989999999992273949e-01 7.776255371031679964e+00 4.288212027259949433e-01
3.452339321887014645e-01 7.937003523502228042e+00 9.989999999991284740e-01
9.989999994145660756e-01 7.760483583090787896e+00 9.989999999999998881e-01
9.803111643049771118e-01 7.959195098121436551e+00 9.989999999959628951e-01
9.839957679924136169e-01 7.767372054427979400e+00 1.000000106439697571e-03
3.509256324917804926e-01 7.937328365945090169e+00 9.989999999990227808e-01
9.989999999993590674e-01 7.717324881001655257e+00 2.355301487117170134e-02
8.769633213937413352e-01 7.950809629508899690e+00 9.989999999985427204e-01
9.989999999999984448e-01 7.761692802224439802e+00 1.000000000000935037e-03
4.455121756666942656e-01 7.947639762720165812e+00 9.989999999999980007e-01
1.000001757886078910e-03 7.728012771393289349e+00 1.678553300218925126e-01
9.953259613713310028e-01 7.954652290325721964e+00 9.989999999999886748e-01
5.125083049902371402e-01 7.748833020907786917e+00 9.989999997021813405e-01
8.396075850404618457e-01 7.958069981287795969e+00 9.989999999991000523e-01
9.989999999999461533e-01 7.761772374526575646e+00 1.059452209021477381e-01
9.989980745831937847e-01 7.954292052079873443e+00 9.989999995923145582e-01
9.989999999972370981e-01 7.766850675593435227e+00 8.874110347788869424e-01
8.603770077032437680e-01 7.960840157055611321e+00 9.989999999995395896e-01
9.989999999999998881e-01 7.756953903561129238e+00 1.000000000000000888e-03
9.989999999997758451e-01 7.949677612128084547e+00 9.989999999999998881e-01
1.000002388029646227e-03 7.749726575029192155e+00 3.015453339614803108e-01
7.961244479359464998e-01 7.955038444626572058e+00 9.989999999999998881e-01
9.763373961640272602e-01 7.733522518422543790e+00 9.989999999664519459e-01
4.257477366761091009e-01 7.952967355158876650e+00 9.989999999999998881e-01
9.989999999999998881e-01 7.760738273563929646e+00 1.000000000000004791e-03
3.899569852531173941e-01 7.956678808433761851e+00 9.989999996579354002e-01
9.989999999999998881e-01 7.769034669029736939e+00 1.000000000000241147e-03
6.593664375647664277e-01 7.948697861921255381e+00 9.989999999999108482e-01
4.033300726068461683e-01 7.746811247799652911e+00 9.989999987203070919e-01
8.979663768926616774e-01 7.961315849851725801e+00 9.989999999999837899e-01
9.989999999999998881e-01 7.776882042049307664e+00 1.000000000000379708e-03
7.636532251014800377e-01 7.942273313020587366e+00 9.989999999999994440e-01
9.989999999999972236e-01 7.776791227270856588e+00 1.000000000012142651e-03
9.989999997847950342e-01 7.958441885401835059e+00 9.989999999999250591e-01
8.648224020633027420e-01 7.766967923438351740e+00 9.989999999999998881e-01
5.605092322490918821e-01 7.940247886479497197e+00 9.989999999999998881e-01
9.989999999999841229e-01 7.740008093085109842e+00 1.000000000003900330e-03
4.681236330725299100e-01 7.950602635729361545e+00 9.989999999999998881e-01
9.989994623364193416e-01 7.782352911656324146e+00 1.000562701569931903e-03
2.287996810805424108e-01 7.953785086199270715e+00 9.989999999989508384e-01
9.989999999896531646e-01 7.719200676287466756e+00 1.000000000130265611e-03
9.087037611155183159e-01 7.962224521622883522e+00 9.989999999999992220e-01
9.989999999999998881e-01 7.737258329036925453e+00 1.000000000000000238e-03
8.208933431812517334e-01 7.955475824841873767e+00 9.989999999794723085e-01
9.989999999999171765e-01 7.746076990756080249e+00 1.000000000001559537e-03
9.989999999988308232e-01 7.951993390263652373e+00 9.989999999999998881e-01
9.989999975053703851e-01 7.742274271045942236e+00 1.000013635550445288e-03
5.850500322546905441e-01 7.937822860922320700e+00 9.989999999428560429e-01
9.989999999459190372e-01 7.737275454555216037e+00 9.989999999999998881e-01
7.539039805606289057e-01 7.951803306680480965e+00 9.989999999932344110e-01
9.989999890260770066e-01 7.751710483002564267e+00 9.989999999999998881e-01
2.946069623379462543e-01 7.948337176057055586e+00 9.989999999999984448e-01
5.326644469772275903e-01 7.774725151489144892e+00 1.000018410030730160e-03
4.206570459450482136e-01 7.946939307212534942e+00 9.989999999993978141e-01
5.330235803021363683e-01 7.751360584884326776e+00 9.989999986350225347e-01
5.576552823014040428e-01 7.961825751332818335e+00 9.989999999999981117e-01
9.989999999999998881e-01 7.738566857354572726e+00 9.989999999999964464e-01
3.124607957773781752e-01 7.942024868543549054e+00 9.989999999989882529e-01
9.989999484917088113e-01 7.741339430425708379e+00 1.000026488222493463e-03
4.555413636910065067e-01 7.965899225221221513e+00 9.989999999999993330e-01
5.219084307588685023e-01 7.754760186775189190e+00 9.989999999999998881e-01
9.989999999895667893e-01 7.965501163767380710e+00 9.989988413521485588e-01
6.700555094724487404e-01 7.731859218553436719e+00 9.989999999993843804e-01
5.020935585741168605e-01 7.945856065446470495e+00 9.989999999930602170e-01
8.176890380473742503e-01 7.747211419907423569e+00 9.989999999950329723e-01
5.557604700624020344e-01 7.949680616956418255e+00 9.989999999999992220e-01
9.989999999909885409e-01 7.749810241933328570e+00 1.000000010816097604e-03
4.899793850294127950e-01 7.957191912390323196e+00 9.989999999657436236e-01
6.375292277994486501e-01 7.770668481851349618e+00 1.000004722230037361e-03
5.071096865580916324e-01 7.937270823924158947e+00 9.989999999994635393e-01
9.989999999997598579e-01 7.779105774070532497e+00 1.000000000196286801e-03
8.286591378047392098e-01 7.956224439148017247e+00 9.989999990538672714e-01
9.989999999999998881e-01 7.759941244601544774e+00 1.000000000000000238e-03
5.104620352058719668e-01 7.948870081189205905e+00 9.989999999999996660e-01
7.233931500825818706e-01 7.710859456363230890e+00 9.989999984107327258e-01
5.050227648027872940e-01 7.938112573565936358e+00 9.989999999999997771e-01
9.989999999999182867e-01 7.748486397632927236e+00 9.989999999999998881e-01
5.669804850856297040e-01 7.940121666234549735e+00 9.989999999999998881e-01
9.989998109868997167e-01 7.728795697645264084e+00 9.988793481588736922e-01
9.989997336326629229e-01 7.940722133449561682e+00 9.989999999999903402e-01
9.989999999999998881e-01 7.770100212936307926e+00 1.000000000000374938e-03
7.304732003038566512e-01 7.966100958300232904e+00 9.989999999999048530e-01
3.161154341460297723e-01 7.739240524118339515e+00 1.000000239999243590e-03
7.468693464479077004e-01 7.955269537621997955e+00 9.989999999893529603e-01
2.690304913109849427e-01 7.727247239607737406e+00 9.989999999680995169e-01
9.383210848282051986e-01 7.962771249644052141e+00 9.989999998057517150e-01
8.287612385102435253e-01 7.750254906040781044e+00 9.989999999983304457e-01
3.569192280025468289e-01 7.937940304791022861e+00 9.989999999664987973e-01
8.294189478687166162e-01 7.752952700629959892e+00 9.989999999999982228e-01
6.636171506789391161e-01 7.963378236354695439e+00 9.989999999999995550e-01
9.989999999953061982e-01 7.758732262264794066e+00 5.254417979617651557e-01
6.385214760354790409e-01 7.964978334979659458e+00 9.989999999999993330e-01
9.989999999999998881e-01 7.750590267202285943e+00 1.000000000000000238e-03
6.256356901511652691e-01 7.962741189914173567e+00 9.989999999442374934e-01
9.989999999999998881e-01 7.754749281455826093e+00 1.000000000000000238e-03
5.095140276267998702e-01 7.946279372675298269e+00 9.989999999948483422e-01
9.989999998182022001e-01 7.774754398995434634e+00 4.910519543170130397e-01
4.356245932190830339e-01 7.936198948981489032e+00 9.989999999999825686e-01
5.963929653257302732e-01 7.735515063233431299e+00 9.989999999999994440e-01
6.984429688153070970e-01 7.950313433816028841e+00 9.989999999999982228e-01
9.989999999999998881e-01 7.700648065873290982e+00 1.000000000000000238e-03
4.122610169379323786e-01 7.943337345923016990e+00 9.989999997218048655e-01
9.989999999997611901e-01 7.752248151024510037e+00 1.000000007084797179e-03
5.486726339916799811e-01 7.948836838565848772e+00 9.989999996226509582e-01
5.647344958789206615e-01 7.744164523291501290e+00 1.000000000002202035e-03
6.394562336522270352e-01 7.957894435379843756e+00 9.989999998745029419e-01
9.989999999999974456e-01 7.761118844877901601e+00 1.000000000000256977e-03
0.000000000000000000e+00 0.000000000000000000e+00 0.000000000000000000e+00
0.000000000000000000e+00 0.000000000000000000e+00 0.000000000000000000e+00
0.000000000000000000e+00 0.000000000000000000e+00 0.000000000000000000e+00
0.000000000000000000e+00 0.000000000000000000e+00 0.000000000000000000e+00
0.000000000000000000e+00 0.000000000000000000e+00 0.000000000000000000e+00
0.000000000000000000e+00 0.000000000000000000e+00 0.000000000000000000e+00
0.000000000000000000e+00 0.000000000000000000e+00 0.000000000000000000e+00
0.000000000000000000e+00 0.000000000000000000e+00 0.000000000000000000e+00
0.000000000000000000e+00 0.000000000000000000e+00 0.000000000000000000e+00
0.000000000000000000e+00 0.000000000000000000e+00 0.000000000000000000e+00
4.588238138188198145e-01 7.963407176306220414e+00 9.989999997635607976e-01
9.989999995545916223e-01 7.713134233809355145e+00 1.000000316312225782e-03
3.726584135829891231e-01 7.942003654716295102e+00 9.989999999999731317e-01
9.989999999953873555e-01 7.749604890850918082e+00 7.330649191198084225e-01
9.475051055879822881e-01 7.965767778624464945e+00 9.989999999999997771e-01
6.487775410407975452e-01 7.739031535711032639e+00 9.989999999962118071e-01
4.955501814001526117e-01 7.939045500375822684e+00 9.989999999802949837e-01
9.736316984048256629e-01 7.766075931777703723e+00 9.989999907461627471e-01
8.746729783871701747e-01 7.961502559401587575e+00 9.989999999997584146e-01
4.813267997539064091e-01 7.721726921880777361e+00 9.989999999999976676e-01
9.978711356900993312e-01 7.951296688785735256e+00 9.989999999999991109e-01
7.245194855756162955e-01 7.725442749605982762e+00 9.989999964208634564e-01
6.873120908333080203e-01 7.953593874899737237e+00 9.989999999922002383e-01
9.989999999999873426e-01 7.733984353482014740e+00 1.000000000000000238e-03
2.849026649291378499e-01 7.943429469640863161e+00 9.989999999991708846e-01
9.989999999990936130e-01 7.780875515700347300e+00 1.000002244684526382e-03
4.266421004747097401e-01 7.950184190486926816e+00 9.989999999999995550e-01
5.997017685606130799e-01 7.738692553982927436e+00 9.989999999991434620e-01
9.989999999999721325e-01 7.975806818954012556e+00 9.989999999999998881e-01
9.989999999999997771e-01 7.770898969021339475e+00 9.989999999999390479e-01
5.565254152979083324e-01 7.942003985082627615e+00 9.989999999999998881e-01
9.989999901840986851e-01 7.771459246377561136e+00 8.586543769424265227e-01
8.425303911011384761e-01 7.949527461935251615e+00 9.989999999971634903e-01
9.989999998985289453e-01 7.742919944223535467e+00 9.483059399078651586e-01
3.167808873465209341e-01 7.951075159360017075e+00 9.989999999988549151e-01
1.336694229710812254e-01 7.734604328220469505e+00 1.000000019758799001e-03
4.676771769341603324e-01 7.950273293675651942e+00 9.989999998036125373e-01
9.689452644333291786e-01 7.767182716431165090e+00 3.844475974049160749e-01
8.392061413365377032e-01 7.950846055921198641e+00 9.989999999921176377e-01
9.989999999974030764e-01 7.753218320739130753e+00 1.000000061076307444e-03
9.052854548032867044e-01 7.956188243161472329e+00 9.989999999999701341e-01
9.989999999918111051e-01 7.782842153476374314e+00 1.000000001059262074e-03
3.283354716612733593e-01 7.954868763933065523e+00 9.989999999963058430e-01
1.000000019625284274e-03 7.743392527031785377e+00 5.418598320195455731e-01
4.308093212831746732e-01 7.946531244806769756e+00 9.989999999999740199e-01
9.989999999999998881e-01 7.749427410915984638e+00 9.989999972549261642e-01
6.207203201621591671e-01 7.947345050935517463e+00 9.989999999630015948e-01
8.289871669928854381e-01 7.747266350926183875e+00 9.989999999999975566e-01
6.309588082918410334e-01 7.947659117593435241e+00 9.989999999999840119e-01
5.166471338454059481e-01 7.755138305703582091e+00 9.989999999999998881e-01
7.504012280035555760e-01 7.942630003557254348e+00 9.989999999967196231e-01
9.989999999999998881e-01 7.742734750888534911e+00 1.000000000000134028e-03
5.941455449578507686e-01 7.949271993437442063e+00 9.989999985216382328e-01
9.989999765955988043e-01 7.762071457474952751e+00 1.000096664694348405e-03
9.989999999999290559e-01 7.967033305535278664e+00 9.342274761059192745e-01
9.989999999999994440e-01 7.762914789755145151e+00 1.000000000000992066e-03
6.481210580473100169e-01 7.946933495068858377e+00 9.989999999996870272e-01
9.989999999999986668e-01 7.747341786153032928e+00 1.000000000002703154e-03
6.795113657893685488e-01 7.939343750801444166e+00 9.989999999999901181e-01
9.989999999911197692e-01 7.751583160625055591e+00 5.314491538913276303e-01
4.552778855986990281e-01 7.951510838191994779e+00 9.989999997903928897e-01
9.989999860766000106e-01 7.749890062650781175e+00 1.000004198711793415e-03
2.205233714261272959e-01 7.942360771922146512e+00 9.989999999976241218e-01
9.989999999999998881e-01 7.761525045010668755e+00 1.000000000000050761e-03
6.898474249888254528e-01 7.957040258474884276e+00 9.989999999938677933e-01
1.000000015237993180e-03 7.737087200927560637e+00 1.402711634138321672e-01
5.139792383698728040e-01 7.943761066823512351e+00 9.989999999991779900e-01
9.358520803301940694e-01 7.744876040716384580e+00 9.989999999999644720e-01
4.172565170829659054e-01 7.950167655916279941e+00 9.989999994931159089e-01
6.189294783938188438e-01 7.763223871900397199e+00 1.000000492561798661e-03
6.673993794194346130e-01 7.949373745538928837e+00 9.989999997999544634e-01
9.989999999999993330e-01 7.752535982360460487e+00 1.000000000000003273e-03
2.633437485565376379e-01 7.943605178821287360e+00 9.989999999996274083e-01
9.989999999999998881e-01 7.726121720320631603e+00 1.000000000000000238e-03
9.191032278015938140e-01 7.961282640894489226e+00 9.989999999800532882e-01
9.989999999999998881e-01 7.765059181288101797e+00 1.000000000000003490e-03
4.197691756942560359e-01 7.945036859686350539e+00 9.989999999999957803e-01
9.989999999947839493e-01 7.758420974577761697e+00 1.000000000039145140e-03
7.643592781218941923e-01 7.953468239140580209e+00 9.989999999905644357e-01
9.989999999999997771e-01 7.747745824336943699e+00 1.000000000000740531e-03
6.490773182994332702e-01 7.950703433258502706e+00 9.989999997674097187e-01
4.505630972695995884e-01 7.756736745009499501e+00 9.989999999999924496e-01
8.269267782491568353e-01 7.946128542948507345e+00 9.989999999999936708e-01
9.989999999999998881e-01 7.759285764463827562e+00 2.274011417567008420e-01
4.173262283882335777e-01 7.949648259661485916e+00 9.989999999999987779e-01
9.989999999999998881e-01 7.749124129136834682e+00 1.000000000000000238e-03
7.595269229318438731e-01 7.935290491852048156e+00 9.989999999996418412e-01
9.989999999999992220e-01 7.792074221363427533e+00 1.000000000896700486e-03
3.598154339271423807e-01 7.951798296089092943e+00 9.989999999999954472e-01
9.989999996372238567e-01 7.746744501974409225e+00 3.823345218706020177e-01
8.161627100625499232e-01 7.958196170811006276e+00 9.989999999999998881e-01
9.989999999998152580e-01 7.757464379102588126e+00 1.000000005624433015e-03
8.414383950267235734e-01 7.948811900074591819e+00 9.989999999993042223e-01
9.989999997282300592e-01 7.758693986800290432e+00 1.842910861206486506e-01
6.634138256442122517e-01 7.943386872350336247e+00 9.989999999999690239e-01
6.219693226272234865e-01 7.762791718928506945e+00 1.000000010914581759e-03
5.531690011640164606e-01 7.940278559198900687e+00 9.989999999999995550e-01
9.989999999999998881e-01 7.762165297555369214e+00 1.000000000000019103e-03
6.886055907802079989e-01 7.947025689277027460e+00 9.989999999973756539e-01
9.989999999997564162e-01 7.773454464740773062e+00 1.000000000236629313e-03
4.694732792290971513e-01 7.950814445331109148e+00 9.989999999998847580e-01
1.000000000000000238e-03 7.757354022182838094e+00 1.000000220593477750e-03
5.122150133557868967e-01 7.933166192291198016e+00 9.989999999407395137e-01
9.989999999999998881e-01 7.743755077660341435e+00 1.000000000000201032e-03
4.877140491804212163e-01 7.947380269463963920e+00 9.989999999489268534e-01
9.989999999999679137e-01 7.761337961361357785e+00 1.000000000653046431e-03
8.781752477574501503e-01 7.961416926243466641e+00 9.989999999989969126e-01
9.989999999570273737e-01 7.761384453453437970e+00 3.164321706299315640e-01
6.672975301095032119e-01 7.953563163666142799e+00 9.989999999999693570e-01
5.498801768658729827e-01 7.752916465653243883e+00 1.000000028550582058e-03
5.424155424121757108e-01 7.932673738001767560e+00 9.989999999999989999e-01
6.674635830617299259e-01 7.756693524915481142e+00 9.989999999306243827e-01
6.027999485211781305e-01 7.958606230686808836e+00 9.989999999998193658e-01
9.989999999999998881e-01 7.716273153272942054e+00 1.000000000000001539e-03
3.377491564207909525e-01 7.956492434510617606e+00 9.989999994438963915e-01
8.684704158330368573e-01 7.757943354709626149e+00 9.989999999997791758e-01
6.890956804278622894e-01 7.940166697694441389e+00 9.989999999996290736e-01
2.502130586516133071e-01 7.732587427869782815e+00 1.000000042663358761e-03
4.711149977759735985e-01 7.938069828804318107e+00 9.989999999099912209e-01
7.271704616328454884e-01 7.751982092346652031e+00 9.989999999976317824e-01
5.949347785991740967e-01 7.937775114133897247e+00 9.989999999998986357e-01
6.483241472658715088e-01 7.747530760791208060e+00 1.000229146285562054e-03
8.492199568279033828e-02 7.946323121869064643e+00 9.989999999999608082e-01
9.989999999999998881e-01 7.749258925868123704e+00 1.000000000000000238e-03
8.357295735524670199e-01 7.961312648765026978e+00 9.989999999990903934e-01
9.989999999999906732e-01 7.742943430194535459e+00 1.000000000000023440e-03
6.289247521874765656e-01 7.957460627576663725e+00 9.989999999999998881e-01
7.208471575465676962e-01 7.780621886657655750e+00 1.000000000000001756e-03
8.520156216035756902e-01 7.953916027423965751e+00 9.989999999991046042e-01
7.256768431802361752e-01 7.759040448557612102e+00 1.000000000867626521e-03
5.084006928973638928e-01 7.943450903214340997e+00 9.989999999999989999e-01
7.238572444171004205e-01 7.700407341365131941e+00 1.000000028793537020e-03
7.578553391282907281e-01 7.954126923539408978e+00 9.989999999956404864e-01
9.989999999999851221e-01 7.777182747274421715e+00 1.000000000184311571e-03
2.842374861435164601e-01 7.934421323703194417e+00 9.989999999761290939e-01
8.415166589186091617e-01 7.769260163374655193e+00 1.000000516061073453e-03
9.085553716770772281e-01 7.974648969227420281e+00 9.989999999999905622e-01
9.989999996459758558e-01 7.758105891828440015e+00 1.000000331538644432e-03
7.533105499657392068e-01 7.942939616687053395e+00 9.989999999946447273e-01
9.243704571103250611e-01 7.751538539601558142e+00 9.989999999999998881e-01
6.114247905897050028e-01 7.947765604753810109e+00 9.989999999675275300e-01
9.398028033752425792e-02 7.722778281256717392e+00 9.989999999999992220e-01
7.913539818429726758e-01 7.952675838998630731e+00 9.989999999999928937e-01
7.365666402392166967e-01 7.758918667271523795e+00 9.989999999962673183e-01
2.525769715488515033e-01 7.956313983123298961e+00 9.989999999992442703e-01
9.989999999851987278e-01 7.763813392904832966e+00 3.986930418446325008e-01
7.585211208020123941e-01 7.962766751946129595e+00 9.989999999859419111e-01
9.301607507876425984e-01 7.773478772833576578e+00 4.084849833729181645e-01
2.795453133051078454e-01 7.939959531691078709e+00 9.989999999996351798e-01
6.838487908721337938e-01 7.748206724222959529e+00 9.989999996780829505e-01
6.840054979248737510e-01 7.947226546630649757e+00 9.989999999943927067e-01
9.989999999985021972e-01 7.769853569598109466e+00 6.856014493096582729e-01
9.948515577638571417e-01 7.955654637865529288e+00 9.989999999999973346e-01
1.000002875233230995e-03 7.749267117772379976e+00 4.185166146752562072e-02
2.533177724366964534e-01 7.949761476210484901e+00 9.989999986566558965e-01
7.290261938093258731e-01 7.745080394000686042e+00 9.989999983412106710e-01
3.317147883087788740e-01 7.937282095026636952e+00 9.989999996874913135e-01
8.323103887698946046e-01 7.742257341579245278e+00 9.989999999999974456e-01
5.707677321019978267e-01 7.949727298866456238e+00 9.989999999999998881e-01
9.092975541672336792e-01 7.740097578745566587e+00 9.989999999578200729e-01
3.811317916916155402e-01 7.944653218203144185e+00 9.989999999999998881e-01
9.989999999998780966e-01 7.756001355003768971e+00 9.469759190118973158e-02
8.684026935194943952e-01 7.947148164557352068e+00 9.989999999999998881e-01
9.989999999999976676e-01 7.745705332579250424e+00 1.000000000000148123e-03
6.705962056648986369e-01 7.943595014976126301e+00 9.989999999999631397e-01
9.989999999998878666e-01 7.747827022160655552e+00 1.000000000035020402e-03
8.333331316475260930e-01 7.944553018277955125e+00 9.989999999999998881e-01
8.307522216885487865e-01 7.775078687316321790e+00 7.462546703608745335e-02
7.295225118617393312e-01 7.952762129435017258e+00 9.989999997409441113e-01
9.989999999959465748e-01 7.755468500249715902e+00 9.238572400122646577e-01
5.560357765865416857e-01 7.942081576499995244e+00 9.989999999999991109e-01
6.634893179313455791e-01 7.758089921472112849e+00 1.000000000000032330e-03
9.989999999982654977e-01 7.967885640802831126e+00 9.989999999999998881e-01
3.349354529163569572e-01 7.746343450954920051e+00 1.000004358363049822e-03
8.359458661441093730e-01 7.949765397739617434e+00 9.989999982940176437e-01
9.989999999993691704e-01 7.748128344200480910e+00 9.989999999999998881e-01
8.292476847067071777e-01 7.953866967529148901e+00 9.989999999889602744e-01
6.517336854091502207e-01 7.747759184547245326e+00 9.989999999872145597e-01
1.192703397923232100e-01 7.945462523467727856e+00 9.989999999976142409e-01
9.989999963107710768e-01 7.785210374389071930e+00 1.000013821742470194e-03
7.218802902461557425e-01 7.945749780631475190e+00 9.989999999987042578e-01
9.989999999999769065e-01 7.778397609977104388e+00 5.767047535076567921e-02
7.410169006840089390e-01 7.956672950706758840e+00 9.989999999999998881e-01
9.600623633283085212e-01 7.749719508968798465e+00 9.989999999999276126e-01
5.543844475051014076e-01 7.949441319006384177e+00 9.989999999999997771e-01
9.989999999896890248e-01 7.760626828803405708e+00 1.000000002703149140e-03
4.585874965973005812e-01 7.962519650753819178e+00 9.989999998276937188e-01
9.989999999999801261e-01 7.727907260875285012e+00 1.000000000005429272e-03
6.524619200704715460e-01 7.961684598501485688e+00 9.989999999997378755e-01
7.554981660304397328e-01 7.750525822953386879e+00 9.989999999928277363e-01
3.752297311637702859e-01 7.945373666276335456e+00 9.989999999999991109e-01
5.192528709161521316e-01 7.745967928987036899e+00 1.000000119585937744e-03
7.193243376601913264e-01 7.949129501830251243e+00 9.989999999999984448e-01
9.989999999999998881e-01 7.729979385703346750e+00 1.000000000000000671e-03
5.436510036469072160e-01 7.947691289756887656e+00 9.989999999999954472e-01
9.989999999993945945e-01 7.768773162225194540e+00 1.000000001029874340e-03
3.547012764253201778e-01 7.943451489066507776e+00 9.989999999999974456e-01
2.324608378109495332e-01 7.762373645356282381e+00 5.482200681401630527e-02
5.166735624398800519e-01 7.953224504359351243e+00 9.989999999999989999e-01
9.989999999999998881e-01 7.763028589441367977e+00 9.989999999988918855e-01
9.268364126278133552e-01 7.955561058102921024e+00 9.989999997339609195e-01
9.654544858934914764e-01 7.746875010038033693e+00 9.989999999893630633e-01
2.535831206103777435e-01 7.940507667959739280e+00 9.989999999979183309e-01
1.000000000083693056e-03 7.737004186551396323e+00 7.948727083417174155e-01
9.989999999999998881e-01 7.950682718006284233e+00 9.989999999999998881e-01
9.989999999999998881e-01 7.758706208052754683e+00 1.000000000000000238e-03
7.614480533145774332e-01 7.953205960191378487e+00 9.989999999917023032e-01
9.989999959584343614e-01 7.727687691140752158e+00 6.365752644338569244e-01
7.455148056634356424e-01 7.951233340786734161e+00 9.989999999975552880e-01
9.989999999838103939e-01 7.781631940269019942e+00 9.421745713921576559e-01
6.728864311766264983e-01 7.957674232057230235e+00 9.989999999999631397e-01
9.989999999999956692e-01 7.757595477357164704e+00 1.000000000003524762e-03
8.338105064070906458e-01 7.959381874050458272e+00 9.989999999991916457e-01
8.304322499949716718e-01 7.777190979344326571e+00 9.989999999999982228e-01
7.030039425150174104e-01 7.945367917545474334e+00 9.989999999982858148e-01
1.749738818671497664e-01 7.776940137081846949e+00 1.000000296798736216e-03
4.374043403804704910e-01 7.942844359947931920e+00 9.989999999562735322e-01
7.448780261087725174e-01 7.777554809113930823e+00 1.000000057426654165e-03
9.989999994062499500e-01 7.959028942394633432e+00 9.989999999999109592e-01
6.784029574459548018e-01 7.742100834056251379e+00 9.989999999997793978e-01
8.546205601596740253e-01 7.947040207216591767e+00 9.989999999962667632e-01
8.316421559141212727e-01 7.774794540865814341e+00 9.989999979681525311e-01
4.943489945285144405e-01 7.948052595362214312e+00 9.989999999766525640e-01
9.989999999967402733e-01 7.766161893318082932e+00 1.000000150366008294e-03
7.502908600165402175e-01 7.953711431320752645e+00 9.989999999966725497e-01
2.306074177964149985e-02 7.736263684399892426e+00 9.989999999999998881e-01
9.167979157005160529e-01 7.952571979813365388e+00 9.989999999999995550e-01
1.000000061603654490e-03 7.736967655922257769e+00 2.709024817280620279e-01
6.068550478792519298e-01 7.941603733735599135e+00 9.989999999805689868e-01
9.989999999999996660e-01 7.759656069399171407e+00 1.000000000000283214e-03
5.209840769255758008e-01 7.950898720529344210e+00 9.989999999999980007e-01
9.989999999653412788e-01 7.761544377333641442e+00 1.000000006725451814e-03
6.256672810815118169e-01 7.945256401433476334e+00 9.989999999290656296e-01
9.989999994102386482e-01 7.743723364902862727e+00 5.034200452861208319e-01
8.072416298473601426e-01 7.944990865719223194e+00 9.989999995158691526e-01
1.000000000001496003e-03 7.715953740743760392e+00 1.000032144613428094e-03
3.988120426074568958e-01 7.936066440036126934e+00 9.989999995751843720e-01
9.989999999984149337e-01 7.773736486107219790e+00 3.705702605617000045e-01
8.382524538861717556e-01 7.948057674829775543e+00 9.989999999996184155e-01
6.081761615977092639e-01 7.751678915039981632e+00 9.989999999999998881e-01
6.153157699724599583e-01 7.945754853348270252e+00 9.989999999500113192e-01
1.000000011296123996e-03 7.739446120033077747e+00 3.155340370622741752e-01
6.220789152236535502e-01 7.942031181386242089e+00 9.989999998409463400e-01
7.891726743164555469e-01 7.770659598282381175e+00 9.989999995418437084e-01
9.275484389028506582e-01 7.963695206722162467e+00 9.989999999857247515e-01
9.989999964661401277e-01 7.760947850958764604e+00 1.000013393285242164e-03
5.332493632430016506e-01 7.944439137770296533e+00 9.989999999999884528e-01
9.820547321925018336e-01 7.764707495585996710e+00 9.989999992640765658e-01
8.814064693646392890e-01 7.946182209113080042e+00 9.989999999988689039e-01
9.989999999852019474e-01 7.785828340152751714e+00 1.000004183588792256e-03
4.811170175550089079e-01 7.937955532850188511e+00 9.989999999596892444e-01
9.989999999960511579e-01 7.773412863467489053e+00 1.000003182322060404e-03
6.195878045226914654e-01 7.956789243247757604e+00 9.989999999292014099e-01
9.989999999999269464e-01 7.764423753012196450e+00 2.906699629085890413e-01
7.368022144258205008e-01 7.945832305728083078e+00 9.989999999999966684e-01
9.136055622736926063e-01 7.761444094400951066e+00 1.000000020447727300e-03
9.989999998718769314e-01 7.951924345594148846e+00 9.989999999999998881e-01
3.441592940281203994e-01 7.734060662357308047e+00 9.989999998029532868e-01
9.989999999935109676e-01 7.958376516845827808e+00 9.989999999999998881e-01
9.392076459721440118e-01 7.736553298542679258e+00 1.000000000023421390e-03
5.625209683017566853e-01 7.939505452263676766e+00 9.989999999999998881e-01
9.989999999999998881e-01 7.772395087706621020e+00 1.000000000001947031e-03
5.290702269483872344e-01 7.951510923202215864e+00 9.989999999999618074e-01
7.303728099537917240e-01 7.781802921893334890e+00 9.989999994388469862e-01
7.731653421611174304e-01 7.952569328154912576e+00 9.989999999524563634e-01
2.262868326526249751e-01 7.753627935604350263e+00 1.000000000269265317e-03
7.110763045339235644e-01 7.950772922847598068e+00 9.989999999999994440e-01
9.989999999606202774e-01 7.773892954143030387e+00 7.886519762086371399e-01
7.800254556583264831e-01 7.959303158189605654e+00 9.989999999690125643e-01
3.206940738873699237e-01 7.751960540246110476e+00 4.156747612641451539e-01
3.656503161297433580e-01 7.947026207228647721e+00 9.989999999990981649e-01
6.499483385691148252e-01 7.732567513076102905e+00 9.989999999868439673e-01
7.274204708683941201e-01 7.944893547775866871e+00 9.989999998223147992e-01
7.733529242863453890e-01 7.765178336337478449e+00 4.134026186356222765e-01
7.665870505328234996e-01 7.963175814249412454e+00 9.989999999907253070e-01
7.721713777715133453e-01 7.763244717544784734e+00 9.989999999947111187e-01
4.232937485835349678e-01 7.945275243812893962e+00 9.989999999999316094e-01
9.989999999765734051e-01 7.762615457582182188e+00 1.000004276544393155e-03
6.165951812171254209e-01 7.953871600108163520e+00 9.989999999190609659e-01
1.000000080613538435e-03 7.729246685485305690e+00 7.965609875918897576e-01
2.164307582253089113e-01 7.945518089165106268e+00 9.989999999990566426e-01
9.989999999997466462e-01 7.787882041928941845e+00 2.041311162907757659e-01
5.337511756940789276e-01 7.948946050532129881e+00 9.989999999999735758e-01
1.000003663594547327e-03 7.717968159109274140e+00 2.096131120733691899e-01
3.931986276383263590e-01 7.944272002613142369e+00 9.989999998342387055e-01
5.779080453828848718e-01 7.756340384710068925e+00 9.989999999341812043e-01
2.628251918327901837e-01 7.943270330603333207e+00 9.989999999990706314e-01
9.989999999999937819e-01 7.762653881677171519e+00 1.700526898644084683e-01
2.993573052986681637e-01 7.956968679757194352e+00 9.989999999997785096e-01
7.554015619076420718e-01 7.759697836897108125e+00 9.989999999999626956e-01
6.275826580379237907e-01 7.941644848945081492e+00 9.989999999998728786e-01
9.989999999975832656e-01 7.757882697133977601e+00 1.000000000177079943e-03
6.487377429855980537e-01 7.947216241317313745e+00 9.989999999456948832e-01
9.989999999999800151e-01 7.769010083194658023e+00 9.235052984122186226e-01
9.694354426145472825e-01 7.954912270448907918e+00 9.989999999980441192e-01
9.989999999999998881e-01 7.741382747031984479e+00 9.581119017766909218e-01
4.244093050099964071e-01 7.952407968287169560e+00 9.989999996495783074e-01
9.989999999995466951e-01 7.749650066160058692e+00 9.989999999999997771e-01
4.040928331027081044e-01 7.949097011939912250e+00 9.989999999999998881e-01
9.989999999994213509e-01 7.736241554572568013e+00 9.025342109266281110e-01
8.121113711151010106e-01 7.931050337827525887e+00 9.989999987056135122e-01
9.989999999474592496e-01 7.745249801782956744e+00 1.000000023090644218e-03
6.141211967878144051e-01 7.945859101714253470e+00 9.989999999692992239e-01
5.938548787442279320e-01 7.746197422937417976e+00 1.000000287211669399e-03
3.379637288350806346e-01 7.949105345882972351e+00 9.989999999996438396e-01
9.989999999937023700e-01 7.754403058604509624e+00 4.924243272207970423e-01
7.057013744602319560e-01 7.938899608637698613e+00 9.989999999999021885e-01
4.184292699820931216e-01 7.758345709197000950e+00 9.989999999883989457e-01
3.783332706993453587e-01 7.961073678215160321e+00 9.989999999976336698e-01
1.000001066466372698e-03 7.751323025646354559e+00 7.955282559865486935e-02
3.805325378613345078e-01 7.937896484733136582e+00 9.989999998639612633e-01
9.989999999999998881e-01 7.767573828645001122e+00 3.458586573911598960e-01
8.141285835181126807e-01 7.967994013584721813e+00 9.989999998802541192e-01
9.989999972589658217e-01 7.763817144681800286e+00 9.989999999999998881e-01
8.186500364355400183e-01 7.938579471946129118e+00 9.989999999993867119e-01
9.989999999951970633e-01 7.767258256340561218e+00 1.000007565586824359e-03
5.557263987032311503e-01 7.974891267400693096e+00 9.989999999999780167e-01
4.874426554859809801e-01 7.754236249982016105e+00 1.000004183499918903e-03
4.400847236651015404e-01 7.942147958459985446e+00 9.989999999999996660e-01
9.989999999857953616e-01 7.749232812037401885e+00 9.989999999999998881e-01
7.807010089148753718e-01 7.950091178911664613e+00 9.989999999774316075e-01
9.989999999999998881e-01 7.762933226463617054e+00 1.000000000000343062e-03
8.076003141772859495e-01 7.950671018787360822e+00 9.989999999999981117e-01
6.544026884545631750e-01 7.755914504335493120e+00 9.989999999990498702e-01
3.218924523368950630e-01 7.933729487129978608e+00 9.989999999994023661e-01
4.859012614775054528e-01 7.726342192859727120e+00 9.989999993687050939e-01
3.779625382346373796e-01 7.942768677725411841e+00 9.989999999999991109e-01
6.986065927587324920e-01 7.740363683123083760e+00 9.989999999979447542e-01
7.049253096130779772e-01 7.958171429123384932e+00 9.989999999991687751e-01
2.930753824488319670e-01 7.759021341881409128e+00 2.155714566015054789e-01
3.710262787029663945e-01 7.958219098790578983e+00 9.989999995348490813e-01
2.832962994252282707e-01 7.752362974539894758e+00 9.989999985484289136e-01
5.303514501268982162e-01 7.936267547940349942e+00 9.989999999999933378e-01
9.989999655170864745e-01 7.774934942801075444e+00 1.000644131660855148e-03
9.989999998577787643e-01 7.955624674810763963e+00 9.989999999999998881e-01
9.989999999893520721e-01 7.734010479616985734e+00 8.579421286381624379e-01
6.014521584409725508e-01 7.954256024270571324e+00 9.989999999944632059e-01
9.646025651062135609e-01 7.755801916404790219e+00 9.989999999901428840e-01
4.901101794998052319e-01 7.953796262117663218e+00 9.989999998885729093e-01
9.989999996420816375e-01 7.782709845516331271e+00 2.670928388442306844e-01
9.330977717687362061e-01 7.958288772538173461e+00 9.989999999327539015e-01
2.249449811094467178e-01 7.764528296656065365e+00 1.000000015479131886e-03
3.964937061757304870e-01 7.941901163023207033e+00 9.989999999994857438e-01
9.989999999997566382e-01 7.774953334553631912e+00 1.000000000750092500e-03
5.129652011599107331e-01 7.949262600121510758e+00 9.989999999998910862e-01
9.989999999999998881e-01 7.780977291186229827e+00 1.000000000000000238e-03
5.087895643978469495e-01 7.949149003218108689e+00 9.989999999983818491e-01
1.998411459238121635e-01 7.743090336986562683e+00 9.989999999999867875e-01
8.478149172055821081e-01 7.954146433236642721e+00 9.989999998793823721e-01
1.000000048381681278e-03 7.720793786168587580e+00 7.381053560354410292e-01
7.588568858203604828e-01 7.955429549986491544e+00 9.989999999999998881e-01
9.329377725282719247e-01 7.770973131348872798e+00 9.989999999998138147e-01
5.808284745036451646e-01 7.941358373967948303e+00 9.989999999814076492e-01
7.087259807656453026e-01 7.743582066350475301e+00 9.989999999999632507e-01
5.938486684152834982e-01 7.940966922079724988e+00 9.989999999998268043e-01
9.989999989081348453e-01 7.758876116348643492e+00 9.351932424815224687e-01
9.157837231942023148e-01 7.952451017305663505e+00 9.989999999127070485e-01
9.989999999999998881e-01 7.775973880201685340e+00 1.000000000000068759e-03
7.978085703323036793e-01 7.941270467592424609e+00 9.989999999760286187e-01
9.989999999188232671e-01 7.765844217128318405e+00 8.241017351397419421e-01
5.971092327203625372e-01 7.955023066344538485e+00 9.989999998544717430e-01
5.770045939099947840e-02 7.764632850371408601e+00 1.000000000000174577e-03
8.172723429292514385e-01 7.947908215154944500e+00 9.989999998050473895e-01
9.989998980078038660e-01 7.722646219428329850e+00 9.989999999992034141e-01
5.198004131362876645e-01 7.943149560186821390e+00 9.989999999999492619e-01
9.989999999999993330e-01 7.767037034621034230e+00 6.565407185460810924e-01
9.462244124901699749e-01 7.956403322967317671e+00 9.989999998448073626e-01
2.983333736978310835e-01 7.768488368794246313e+00 9.989999999999998881e-01
5.911743342148441105e-01 7.945880992835126833e+00 9.989999999998746549e-01
8.082867573782330783e-01 7.749576432043132179e+00 9.989998804036434032e-01
1.243181607781301129e-01 7.944281075131143233e+00 9.989999999895997629e-01
9.989999999999998881e-01 7.759738611499690464e+00 1.000000000000248737e-03
3.686575752546424889e-01 7.959382761601685452e+00 9.989999999999900071e-01
1.567453441848092599e-01 7.772587212049112182e+00 1.000839458993997219e-03
4.227812481644029341e-01 7.940515042125207756e+00 9.989999999999993330e-01
9.989898973274959904e-01 7.733934642802592130e+00 7.190024134200544426e-01
3.128925549914238768e-01 7.945060375488234072e+00 9.989999999967652533e-01
8.413797784049675821e-01 7.761516189271456589e+00 9.989999999999893410e-01
9.286911421916361764e-01 7.961964811116346574e+00 9.989999999870333713e-01
9.989999999999998881e-01 7.746881454235528430e+00 1.000000000000000238e-03
8.094929311708854991e-01 7.962606571106573661e+00 9.989999999996688196e-01
4.447628073262249737e-01 7.764235826100773785e+00 9.989999999289399524e-01
4.253440785093222098e-01 7.957706155281622173e+00 9.989999999878417247e-01
9.989999999999998881e-01 7.763940727153906707e+00 1.000000000000010212e-03
5.680651246347329097e-01 7.945928886781789657e+00 9.989999999953155241e-01
6.815883367660949821e-01 7.749238506036850715e+00 9.989999930128415917e-01
5.403103652776245491e-01 7.945167494044861556e+00 9.989999999999960023e-01
9.989999920801382327e-01 7.761182237853858190e+00 7.736839958760323155e-01
7.796263008466433053e-01 7.965371835314275728e+00 9.989999999875932568e-01
9.989999999980727630e-01 7.775842753807464369e+00 7.069588979912262428e-01
4.582666282360907672e-01 7.949725039325768350e+00 9.989999999999973346e-01
9.989999999999998881e-01 7.757359600527402144e+00 1.000000000004695700e-03
3.749277069414177488e-01 7.941765186191738657e+00 9.989999999999981117e-01
9.989999999999998881e-01 7.738818464667907016e+00 1.000000000000003924e-03
5.446653853973315584e-01 7.953767568788197018e+00 9.989999999999966684e-01
9.989999999999931157e-01 7.758263114196660482e+00 1.000000000024338842e-03
6.617851412823362311e-01 7.938355653930653233e+00 9.989999999305159140e-01
9.989999999999460423e-01 7.779412640307152849e+00 1.000000000002537488e-03
5.156188719783978414e-01 7.954322802350527688e+00 9.989999999999998881e-01
9.989999999999998881e-01 7.742296747032657578e+00 1.000000000000000238e-03
5.288976621636828357e-01 7.934076660609356679e+00 9.989999999999857883e-01
9.989999990310037825e-01 7.772319725579694527e+00 9.190075740225284173e-01
4.626974859100680404e-01 7.936668619034844774e+00 9.989999999999998881e-01
9.989999976507448753e-01 7.765476985670406229e+00 1.000003977895189263e-03
6.450723655422300196e-01 7.951699462823927256e+00 9.989999999999380487e-01
9.989999999949515930e-01 7.788896147938715764e+00 1.000000000384060643e-03
4.938232161239123896e-01 7.956531188460326476e+00 9.989999999806868924e-01
9.989999999999998881e-01 7.751318037042601361e+00 1.000000000000010646e-03
5.460596311545444781e-01 7.948328861340021589e+00 9.989999999999992220e-01
9.989999999999998881e-01 7.767782033789807805e+00 1.000000000000000671e-03
3.025813211041428752e-01 7.948683258192375867e+00 9.989999999999960023e-01
9.989999988796985919e-01 7.742355468250472050e+00 4.586870462989914854e-01
5.435294839233225650e-01 7.943628158682131790e+00 9.989999999999991109e-01
9.989999999999998881e-01 7.724050377338838480e+00 1.000000000000002406e-03
4.646700937374765861e-01 7.945236125311412323e+00 9.989999997938642240e-01
9.989999999999998881e-01 7.773827183497810545e+00 1.000000000000003273e-03
4.812122395956479615e-01 7.939756060599830967e+00 9.989999999941017172e-01
9.989999999999997771e-01 7.774773172021415490e+00 1.000000000004535022e-03
6.021855674487813781e-01 7.954357745752424158e+00 9.989999999996708180e-01
8.949799126175032871e-02 7.758444274448782707e+00 1.000000018250218848e-03
7.722704621201212927e-01 7.959977718183337103e+00 9.989999999761136618e-01
7.247599244863549561e-01 7.763111006496692390e+00 9.989999999924291663e-01
4.049954676535385545e-01 7.953064087684620809e+00 9.989999997045173608e-01
9.951852200832473905e-01 7.763148872303264447e+00 9.989998930542924871e-01
3.243368247883015032e-01 7.939110065412529060e+00 9.989999993817069157e-01
9.989999999999998881e-01 7.740837677886131196e+00 1.000000000000000238e-03
9.810647872654911783e-01 7.955837619192616117e+00 9.989999999857505086e-01
4.362291082721962004e-02 7.759559436281469935e+00 1.000000000119920154e-03
7.553585297949042543e-01 7.961380534408035281e+00 9.989999999881509218e-01
3.506972358777770693e-01 7.781793865144911670e+00 1.000000000354515483e-03
6.430725421964325061e-01 7.947666160644549116e+00 9.989999998755548782e-01
4.788016695678334878e-01 7.736110775061227685e+00 1.000000000403565006e-03
4.206218372050817278e-01 7.948921007570285191e+00 9.989999996111331715e-01
7.533366355420849647e-01 7.751471589018064101e+00 1.000000026935184139e-03
6.711050903105498788e-01 7.942987000826883914e+00 9.989999999999739089e-01
9.989999980801251844e-01 7.756081605617955788e+00 1.000000283011453703e-03
8.238620487028919248e-01 7.950955561149237738e+00 9.989999999982012158e-01
7.843864583437141214e-01 7.744865056084413446e+00 9.989999998036832585e-01
3.201069442296042844e-01 7.959322598797861303e+00 9.989999999992024149e-01
9.989999999999998881e-01 7.755390737299578952e+00 1.000000000000004574e-03
5.452423483303108220e-01 7.941761712943248952e+00 9.989999999999992220e-01
5.224982934999911066e-01 7.751844638928919728e+00 9.989999999994837454e-01
5.510359107986161353e-01 7.949781551882592723e+00 9.989999999999941149e-01
1.000000000057317019e-03 7.703109749063115963e+00 2.438586917622133643e-01
8.755324770599209883e-01 7.956012366153683679e+00 9.989999999999976676e-01
5.830218133268054714e-01 7.766453726768416388e+00 1.000000162923333916e-03
6.767954626361027959e-01 7.958185054602429531e+00 9.989999999999925606e-01
9.989999999957599464e-01 7.765450988533844523e+00 7.435727080722535076e-01
6.149873409754578191e-01 7.948293209206703125e+00 9.989999999999998881e-01
9.989999999375284156e-01 7.762683397213187675e+00 1.000021073128103209e-03
6.091322798988613174e-01 7.953858751715590536e+00 9.989999999999998881e-01
9.989999978441312933e-01 7.763685312567715435e+00 5.428583774894174541e-01
3.170786816657041318e-01 7.943755346121683658e+00 9.989999999991872048e-01
9.989999999999360503e-01 7.752102142123168171e+00 6.397487440418376803e-01
4.042766526353480661e-01 7.945904886612477291e+00 9.989999999998759872e-01
8.589612555770872460e-01 7.764120770765546631e+00 7.599466774719921824e-01
8.011032033228813187e-01 7.940109471404121599e+00 9.989999999886921556e-01
5.900431555670565542e-01 7.770574702332593731e+00 1.000000000052256831e-03
3.462895764587559655e-01 7.943355135810249656e+00 9.989999999999998881e-01
9.989999991020257486e-01 7.747700946896373786e+00 1.000001611186989402e-03
6.669490942819572554e-01 7.937680170387248602e+00 9.989999999998689928e-01
9.989999999999129576e-01 7.788258872618033735e+00 1.000000000080988622e-03
8.922743905642092077e-01 7.956858547851992647e+00 9.989999999999998881e-01
1.876628726739813513e-01 7.749289617853680312e+00 1.000000261632228056e-03
5.437199950457605180e-01 7.948693254699773725e+00 9.989999999999958913e-01
4.233832821715985406e-01 7.765015278724222370e+00 1.000000281098749550e-03
4.254290431285251972e-01 7.930803893689346573e+00 9.989999999643112139e-01
9.989999999999970015e-01 7.812651622528701267e+00 3.163242451995683640e-03
1.292959557227857659e-01 7.945001941778071952e+00 9.989999999868515168e-01
1.000000000000594164e-03 7.728223481222138425e+00 1.000000057632693343e-03
9.989999999999992220e-01 7.972968247651524010e+00 8.403113020874058980e-01
9.989999999999807923e-01 7.757408992142933890e+00 1.000000000007038444e-03
3.392116999863951099e-01 7.950170174770468279e+00 9.989999999999937819e-01
1.000000022567422344e-03 7.757953377556920493e+00 1.375933747916009697e-01
3.912774442660668650e-01 7.945094260927484164e+00 9.989999999999997771e-01
5.620516971938885886e-01 7.730662067700399653e+00 9.989999999999998881e-01
2.689901346862744180e-01 7.940455133317333214e+00 9.989999999505836392e-01
9.989999998393235270e-01 7.784041311672183383e+00 8.227894220848812612e-01
6.044270029929303956e-01 7.947353458582947283e+00 9.989999999959454646e-01
1.000000000000052279e-03 7.740867535729750948e+00 1.000000009087424844e-03
4.061991240897016575e-01 7.947888775574313058e+00 9.989999999999155111e-01
7.655884580132868988e-01 7.750263295299297361e+00 9.989999999825939225e-01
6.004329618228899657e-01 7.946660226774051594e+00 9.989999999992557056e-01
9.989999999956403753e-01 7.747121349874079854e+00 1.000000000714497492e-03
9.989999999998910862e-01 7.966388664577015000e+00 9.300804706708840630e-01
9.989999999999998881e-01 7.723899947911235131e+00 3.813384614571652675e-01
9.615484876066104913e-01 7.960114347130819112e+00 9.989999999901372219e-01
9.989999999973161460e-01 7.753892607331472675e+00 1.776501884131580777e-01
9.989992848049057406e-01 7.947793186052092729e+00 9.989999999707489531e-01
9.989999957047855927e-01 7.753362521190369172e+00 1.000000007232477658e-03
5.303152139215058236e-01 7.961687426545117852e+00 9.989999999998019353e-01
9.989999780996542400e-01 7.762980908443951833e+00 7.425861270199159980e-01
4.743477493024724767e-01 7.947618245842850371e+00 9.989999999570506883e-01
9.989999999999997771e-01 7.774819593834550346e+00 1.000000000000009345e-03
9.989999999695911015e-01 7.942893424207415620e+00 9.989999999999998881e-01
9.989999890365321988e-01 7.764951537401505455e+00 1.000029100363232417e-03
9.159381624876035410e-02 7.925544162391715552e+00 9.989999999720942103e-01
8.218993525112729959e-01 7.747118818933032003e+00 9.989999999803479414e-01
6.468070833193523272e-01 7.952642550633089336e+00 9.989999999112824103e-01
1.449594661695645104e-01 7.733507657903648358e+00 9.989999999262064723e-01
6.270401043741071767e-01 7.943095518955391121e+00 9.989999999999997771e-01
9.989999552359551949e-01 7.756636975932369893e+00 1.000195197674138290e-03
5.303632313926966990e-01 7.945796724761850172e+00 9.989999999999932268e-01
6.283060183285340550e-01 7.757955837078440275e+00 1.000000039528218393e-03
6.000904577293190156e-01 7.939832479868906390e+00 9.989999999879187742e-01
2.509326857583144554e-01 7.728401503971491060e+00 9.195390853122497044e-01
4.738034899526471500e-01 7.942414633227210530e+00 9.989999999627546812e-01
9.989999999989576107e-01 7.750531432220085115e+00 2.105496021342602164e-01
2.325359031106142838e-01 7.935525594024732676e+00 9.989999999991604485e-01
7.802101331230248960e-01 7.769632292560807230e+00 1.000000000011402575e-03
5.444691380360363597e-01 7.946741456125789860e+00 9.989999999999981117e-01
9.989999999959999766e-01 7.768142070232248564e+00 2.957113862465277632e-01
3.041316606747558882e-01 7.951752507047549656e+00 9.989999999999996660e-01
4.351710575550740701e-01 7.751952132210226942e+00 9.989999993567669767e-01
3.241641359315018400e-01 7.947275511010515991e+00 9.989999999999998881e-01
6.769072030745859614e-01 7.771778815676618990e+00 1.000000428866763737e-03
8.077236829983356348e-01 7.960426513744845778e+00 9.989999999480100312e-01
2.540440816797889800e-01 7.745076976576308780e+00 9.989999788067212005e-01
3.725127680603779745e-01 7.941181919459413763e+00 9.989999997307686952e-01
1.685235826871164244e-01 7.715251538161090217e+00 9.989999911743929761e-01
6.218817512531229497e-01 7.945740086530897806e+00 9.989999998754104382e-01
9.989999999995244906e-01 7.748721155968774532e+00 1.000000004288030238e-03
7.071160712966930717e-01 7.941553235155424773e+00 9.989999999997369873e-01
9.989999999999998881e-01 7.770889639565700335e+00 1.000000000000003057e-03
6.673619671374089179e-01 7.944268551132709355e+00 9.989999999978879108e-01
9.989999999999998881e-01 7.780599752012151704e+00 1.000000000000432617e-03
4.793050652344601481e-01 7.950592680551100244e+00 9.989999999442393808e-01
5.431747216573931114e-01 7.748786162660270094e+00 1.000000000000568143e-03
8.837836990614189592e-01 7.950603729299292155e+00 9.989999999986624024e-01
9.989999999966195920e-01 7.757672366704423617e+00 1.000000186165850334e-03
6.460083493311462588e-01 7.963559484456774307e+00 9.989999999999035207e-01
9.989999999947025699e-01 7.761967990943943185e+00 8.649181850563480989e-01
4.175745452879626729e-01 7.945235803674258079e+00 9.989999999999761293e-01
1.093544869740897818e-01 7.737289973811445343e+00 1.000000001613964625e-03
8.711684011984671683e-01 7.963928240745313580e+00 9.989999999999997771e-01
7.472951836689728511e-01 7.744583142247642549e+00 9.989999999784165974e-01
8.690447988166078996e-01 7.964112367471308573e+00 9.989999999999998881e-01
9.989999999999715774e-01 7.747646288080511923e+00 1.000000000026438508e-03
8.297817204695624449e-01 7.960290551303685014e+00 9.989999995285883116e-01
9.989999995105001140e-01 7.761986768211781573e+00 9.989999999999958913e-01
5.599365584576999622e-01 7.945855217962406236e+00 9.989999999999998881e-01
1.000000003771954124e-03 7.760408536811437941e+00 1.316453579119473694e-01
5.897722670873800643e-01 7.945175410553562578e+00 9.989999999177311407e-01
9.989999999997256630e-01 7.733536170858159586e+00 1.000000000006704727e-03
8.029417249130842427e-01 7.955795085864832750e+00 9.989999999646860251e-01
9.989998426400701348e-01 7.767239606806563224e+00 1.000001338716105439e-03
5.831050465632720003e-01 7.947853995852077524e+00 9.989999999588952129e-01
9.989999999995780033e-01 7.759549181219866476e+00 9.989993487396876537e-01
4.724423560446927017e-01 7.936385184294473483e+00 9.989999999999998881e-01
9.989999999999998881e-01 7.741047533333824227e+00 1.000000000000186937e-03
8.311540035151931960e-01 7.957752117549682147e+00 9.989999999891432392e-01
9.989999999771436157e-01 7.741405581140496928e+00 4.922751244953305072e-01
3.948618840114953010e-01 7.934098557138952401e+00 9.989999999995896607e-01
6.578404497276314766e-02 7.760773073494283913e+00 1.000000164786519520e-03
4.633875929841438923e-01 7.937670604425814957e+00 9.989999997977054846e-01
9.989999999999998881e-01 7.766036363927070418e+00 1.000000000000000238e-03
5.387156441195025680e-01 7.952938810864375263e+00 9.989999999999805702e-01
9.989999770260857836e-01 7.728760098026415726e+00 1.000041292337996816e-03
8.288218032520653367e-01 7.943356414834849666e+00 9.989999999999998881e-01
9.989998645167196267e-01 7.730862932942028642e+00 9.989999995322361714e-01
2.774110828663782224e-01 7.939349179822602132e+00 9.989999999993375290e-01
4.486375087811706464e-01 7.723989385682780373e+00 9.989999988425529720e-01
5.699499125507722086e-01 7.946709808752714821e+00 9.989999999936014508e-01
9.989999999999998881e-01 7.779391855290500146e+00 1.000000000000018019e-03
4.805741316748798897e-01 7.943904401684245720e+00 9.989999999909104922e-01
6.403254813057588368e-01 7.746576310765743045e+00 1.000000050205267915e-03
2.933084050881205052e-01 7.949205622950474392e+00 9.989999999991316937e-01
9.989999999999998881e-01 7.775277094623818996e+00 2.848070468962614621e-01
3.339296371400170549e-01 7.934578218798650440e+00 9.989999999999998881e-01
9.989999999999998881e-01 7.778132058769314128e+00 1.000000000000004791e-03
4.551342628107766242e-01 7.939204434496527796e+00 9.989999999591754332e-01
2.661137697407152669e-01 7.719399096402074889e+00 9.989999999990595292e-01
4.223941662909984629e-01 7.940564843248901994e+00 9.989999999999966684e-01
8.675750822034165033e-01 7.783078205711762898e+00 9.989999999999998881e-01
3.274169129823044089e-01 7.942446161429174367e+00 9.989999999982527301e-01
3.089691845841052720e-01 7.749034148781894338e+00 9.989998637053785213e-01
4.594589611700420906e-01 7.947718703846870625e+00 9.989999999999996660e-01
5.729378166315446386e-01 7.774715731660952756e+00 1.000000000000682851e-03
7.549093330603980911e-01 7.966548235136885481e+00 9.989999999922516416e-01
8.737848524908990999e-01 7.786226168431335637e+00 1.000019243457034692e-03
8.267315111382931292e-01 7.954615923718121984e+00 9.989999999910115225e-01
1.000000960548123050e-03 7.756495088236914803e+00 2.594038360961746226e-01
4.699259568754079464e-01 7.945150393908381403e+00 9.989999999995909929e-01
2.327436526108002668e-01 7.731248923125109584e+00 9.989999933146448408e-01
6.018991831310955831e-01 7.957743564859447893e+00 9.989999999921719276e-01
2.239153386037017190e-01 7.770620414875184956e+00 1.000000686591916805e-03
8.293394979328241323e-01 7.950456394504392676e+00 9.989999999997771774e-01
9.989999999999998881e-01 7.693233072975632858e+00 1.000000000000003924e-03
5.930585596590959296e-01 7.958072284097274185e+00 9.989999999186346402e-01
9.989999999999998881e-01 7.742740850513607498e+00 6.870320335959119173e-01
7.990542454396771799e-01 7.946139218884066047e+00 9.989999999999998881e-01
9.989999999981900025e-01 7.758588787849865831e+00 7.177962741590687701e-01
7.165124866555750982e-01 7.949149445036199246e+00 9.989999999350436255e-01
9.989999999999518154e-01 7.780883727976780406e+00 9.989999941807528039e-01
8.713917624379247107e-01 7.945061812116421152e+00 9.989999999991241442e-01
1.000002726859066044e-03 7.755691761509399207e+00 3.542700408751094099e-02
6.841555157393681696e-01 7.947960148442766659e+00 9.989999999930291308e-01
9.989999999964550570e-01 7.781076733009104629e+00 7.394540993976772558e-01
2.947298417682793770e-01 7.957983551226752716e+00 9.989999999934102703e-01
4.415278504020856976e-01 7.763081035026958787e+00 1.000000964376274604e-03
7.307156527451945660e-01 7.950570411127954706e+00 9.989999999993602886e-01
1.000000000000010646e-03 7.751618873409893418e+00 1.000000012467589915e-03
5.720940667043551420e-01 7.932688553531036746e+00 9.989999999977657863e-01
9.989999998739993448e-01 7.792164382384465071e+00 3.876282324882512342e-01
3.790149938287844522e-01 7.928766925199344229e+00 9.989999997797407438e-01
9.989999999490317695e-01 7.776934243756024934e+00 8.156111864947235279e-01
5.419272695821623076e-01 7.960661757077740930e+00 9.989999999999641389e-01
9.989999999990510915e-01 7.790250779029313399e+00 1.000000008614852342e-03
5.769947745588897003e-01 7.951408134707090625e+00 9.989999999602264813e-01
9.989999999937950736e-01 7.735088192550821695e+00 1.000000000000114296e-03
2.742514740060111311e-01 7.946966187741040244e+00 9.989999999999998881e-01
9.989999999987501100e-01 7.733486146016270268e+00 9.989998522851307738e-01
4.402407749237246537e-01 7.954759303933164105e+00 9.989999999999299440e-01
7.683581157180530141e-01 7.737977922190903080e+00 1.000000014137836972e-03
9.989999999999998881e-01 7.949206606492626115e+00 9.989973737678893295e-01
9.989999999999998881e-01 7.747380026009273557e+00 1.000000000000013465e-03
5.998521559051831487e-01 7.944630564262195271e+00 9.989999999967442701e-01
4.759584863854501302e-01 7.766705050687725098e+00 1.000003277809651545e-03
5.413442283670379940e-01 7.944423518975093579e+00 9.989999999999976676e-01
9.989999999999998881e-01 7.731433321372603196e+00 1.000000000000000454e-03
7.911965376235098324e-01 7.954259453899238608e+00 9.989999999875746051e-01
5.164218342979904897e-01 7.758130403246206619e+00 9.989999999945912146e-01
7.870771026377111346e-01 7.956272427651591705e+00 9.989999999961445276e-01
4.832386669153020398e-01 7.757454005693102062e+00 9.989999999499821204e-01
9.654082814828406356e-01 7.957838285638792364e+00 9.989999999997152269e-01
9.989999999999982228e-01 7.759556014027178428e+00 1.000000000000123186e-03
1.351631590362645519e-01 7.944877651461295542e+00 9.989999999999989999e-01
9.989999968940561637e-01 7.757367594442250436e+00 1.000000470076773751e-03
7.836299544276327245e-01 7.949757490927015446e+00 9.989999999784199280e-01
6.711184004314235674e-01 7.734770050818624121e+00 9.989999999997631885e-01
5.661049333528764826e-01 7.961973038439086992e+00 9.989999999999997771e-01
9.989999999980663237e-01 7.737173873059615126e+00 1.000000016758430602e-03
9.989999999999776836e-01 7.944800854743505170e+00 9.989999999999998881e-01
9.989999999061235370e-01 7.715088862621204413e+00 1.000000269526228397e-03
5.465214532548103854e-01 7.948299737642431140e+00 9.989999999999934488e-01
9.989999999947823950e-01 7.738180848427431258e+00 1.000000000229542317e-03
3.823004360904587173e-01 7.946898583482520984e+00 9.989999999999998881e-01
9.989999999856455926e-01 7.754879394942128634e+00 1.000000162661493020e-03
8.127839467716033717e-01 7.967703142981331865e+00 9.989999999999495950e-01
7.036378292727279993e-01 7.756580589388299529e+00 9.989999914929744707e-01
7.196877767931485481e-01 7.951378264713035549e+00 9.989999993570914949e-01
9.989999999999845670e-01 7.775189505950718782e+00 3.718515952364411237e-01
5.143300846066504173e-01 7.939704071163780519e+00 9.989999999989495061e-01
6.379292361404520495e-01 7.750072002029598117e+00 9.989999999903294015e-01
8.339804372218398987e-01 7.951420166142683321e+00 9.989999999852031687e-01
9.989999849596933323e-01 7.728903814218527124e+00 1.000002636381378636e-03
6.744161055731403565e-01 7.952144420765584698e+00 9.989999999999980007e-01
7.166531374125736376e-01 7.733978926583333191e+00 9.989999999988435908e-01
6.524208867428196168e-01 7.953505818501611202e+00 9.989999999482469528e-01
9.989999988319749891e-01 7.774828455229750190e+00 1.000001640985637760e-03
9.104076850241824559e-01 7.949478173801654002e+00 9.989999999663530250e-01
9.989999999999975566e-01 7.767881450969817081e+00 1.516857479364489003e-01
9.799823706831533032e-01 7.959854792160523829e+00 9.989999999889775939e-01
9.989999999999998881e-01 7.751700742646149500e+00 1.000000000000005659e-03
4.711913455377113591e-01 7.963928667241107817e+00 9.989999999999998881e-01
5.353344015702642400e-01 7.749313660762494393e+00 1.000001006855417421e-03
6.237463700855140347e-01 7.943568415031196039e+00 9.989999999681041798e-01
6.370730549945006205e-01 7.774269039077386090e+00 1.000094694830530985e-03
9.170483541316177822e-01 7.951415015844212064e+00 9.989999999993827151e-01
9.989999999999988889e-01 7.746190550250634743e+00 1.000000000000067675e-03
6.547036583803244048e-01 7.932506449480701605e+00 9.989999999640724049e-01
2.583550650312617103e-01 7.761770831723514341e+00 1.000000049366757014e-03
6.023192249169405654e-01 7.961287594818922564e+00 9.989999999948062648e-01
9.989999976398159509e-01 7.774787852070311089e+00 1.000090572383270692e-03
7.147132580646489153e-01 7.954001717509777691e+00 9.989999999993083302e-01
1.000062267855312062e-03 7.722580186422569604e+00 3.373161762084047610e-01
5.069236336593231362e-01 7.938242934458401123e+00 9.989999999933529828e-01
9.033536667458177405e-01 7.768550371662615639e+00 1.000030056494915359e-03
9.924073224945506588e-01 7.957168148082160108e+00 9.989999999980132550e-01
9.989548754742916259e-01 7.783438804490313778e+00 1.000000172420490016e-03
6.286349914667100913e-01 7.937263173585320075e+00 9.989999999999985558e-01
9.989999999999998881e-01 7.740202272467324285e+00 1.000000000000000238e-03
8.698275476124250893e-01 7.946733397480188366e+00 9.989999999987659862e-01
9.989999999950954779e-01 7.765756488039004424e+00 4.206662535650733115e-01
6.779229552560056549e-01 7.947392706464484924e+00 9.989999999999988889e-01
9.989999999999998881e-01 7.723151140631869360e+00 1.000000000000023223e-03
7.250153618332214611e-01 7.946432612391376438e+00 9.989999998423734207e-01
8.387576003477490438e-01 7.771540072612054928e+00 1.000000118208687000e-03
5.026146182009393337e-01 7.961675277150959573e+00 9.989999999999996660e-01
9.989999422843673926e-01 7.761593541153414044e+00 1.002095239661844345e-03
9.989999995909354391e-01 7.962889980104078447e+00 9.989999999999998881e-01
8.090872205715738952e-01 7.727674759462420440e+00 9.989999999999770175e-01
7.994943034782964197e-01 7.954893261702142837e+00 9.989999999805234676e-01
9.989999999999994440e-01 7.758029568569345003e+00 8.420818903321533044e-01
4.515116914418595417e-01 7.949558032329138157e+00 9.989999999224992155e-01
3.399805584813165860e-01 7.750161357653950311e+00 1.008550564418480037e-03
5.510851143020213394e-01 7.938701190765267590e+00 9.989999999999998881e-01
9.989999999999998881e-01 7.746706110628432285e+00 4.762904861529538292e-01
8.609058672853304728e-01 7.946998913219607275e+00 9.989999999998010471e-01
6.518509413428706656e-02 7.750521973695169820e+00 1.000000008298980447e-03
