4.200888891865169894e-01 7.933748415496786777e+00 9.989999999999950031e-01
1.000000134868638414e-03 7.744319692462781290e+00 7.581017581124972760e-02
5.125498785843377592e-01 7.943408841527794806e+00 9.989999999997496438e-01
3.230700663287197627e-01 7.761324750351453972e+00 9.989999999998723235e-01
2.586288500727185746e-01 7.926183626907709723e+00 9.989999999999983338e-01
8.710239810358599843e-01 7.763318284306182093e+00 9.989999999998662172e-01
4.572351346613338086e-01 7.946776931081967810e+00 9.989999999999989999e-01
9.989999992308433718e-01 7.720163181519001050e+00 2.398373701955492099e-01
7.526052047070262985e-01 7.955617521281792115e+00 9.989999999973283584e-01
6.111053699738532297e-01 7.748276330587857252e+00 9.989999999999998881e-01
9.188510712275984593e-01 7.958765806621451944e+00 9.989999999769491046e-01
9.989999999999998881e-01 7.735117963001727048e+00 1.000000000000000238e-03
6.586998570207047710e-01 7.946220062282283614e+00 9.989999999999868985e-01
8.284829263902124818e-01 7.753299961510966121e+00 1.000000006083315730e-03
9.900868792280683728e-01 7.961849482832603186e+00 9.989999999997742908e-01
9.751363669938715173e-01 7.770635974582591032e+00 1.000000000552711977e-03
5.515005888630841735e-01 7.942108790223305625e+00 9.989999999999998881e-01
9.989999999976162393e-01 7.766218747630128760e+00 1.000000000628335729e-03
6.151715920022181594e-01 7.957544945835334893e+00 9.989999999889173088e-01
9.989999903212293253e-01 7.747466592805239749e+00 7.411801533951295484e-01
4.609267178275487375e-01 7.954239755299937542e+00 9.989999997080929450e-01
2.393028768747149371e-01 7.726069853136296572e+00 9.989999990058432422e-01
5.859023581411266779e-01 7.954202142424255051e+00 9.989999999686154375e-01
9.989999994286637985e-01 7.730781308715123146e+00 1.000001906974224168e-03
2.797377747736373155e-01 7.943566937583244503e+00 9.989999999976086897e-01
9.989999982310437954e-01 7.759988683851795521e+00 4.145776906368583981e-01
6.351884827890809104e-01 7.958052817075559560e+00 9.989999999084281379e-01
9.989999999999998881e-01 7.721788238360200118e+00 1.000000000000046425e-03
8.133311400107069433e-01 7.962054889991850182e+00 9.989999980225212628e-01
9.989999999178117429e-01 7.762586276335698088e+00 1.000000187111940980e-03
4.744263400668711217e-01 7.950877192761655721e+00 9.989999999998223634e-01
9.989999999999998881e-01 7.730392495766738925e+00 1.000000000000000238e-03
8.451767154861803411e-01 7.950298303973269753e+00 9.989999999999833458e-01
9.989999988891681282e-01 7.767437439010818956e+00 9.989999999999995550e-01
6.747554740514417615e-01 7.950335115584839407e+00 9.989999999998161462e-01
9.989999998583136698e-01 7.775555916905028120e+00 6.534911207221678620e-01
7.323242340383759874e-01 7.947555391132055114e+00 9.989999999999958913e-01
9.989999996428808871e-01 7.753834446807943870e+00 4.798808763575645453e-01
9.383418221677197746e-01 7.957998464448070131e+00 9.989999997361118655e-01
1.000002452243929640e-03 7.765100437674708367e+00 3.901577963699417312e-02
2.979530811318437666e-01 7.937170487487296811e+00 9.989999999993256496e-01
5.885625899231204938e-01 7.751877750248856280e+00 6.033949217005374344e-02
6.666829907994820115e-01 7.945940710385962724e+00 9.989999995328496807e-01
9.989999999999994440e-01 7.748958109361561597e+00 1.000000000002833258e-03
6.911639166431950976e-01 7.940934937329036991e+00 9.989999999988135038e-01
2.388643497517598246e-01 7.723023318033788165e+00 9.989999980764702192e-01
1.467471654249249968e-01 7.939305908158663883e+00 9.989999999818581777e-01
9.989999999999998881e-01 7.719128560842973386e+00 9.989999999504159955e-01
7.681171582128415443e-01 7.956892676544966569e+00 9.989999999810932341e-01
9.989999993005951318e-01 7.789625419321333233e+00 9.393937526676183758e-01
8.248658798450342333e-01 7.955846905792256507e+00 9.989999999996954649e-01
5.458323843673840159e-01 7.748136084874751361e+00 1.000000000000282347e-03
6.806156681705789468e-01 7.951664638055826018e+00 9.989999999955974097e-01
9.989999999937525521e-01 7.752337745975528271e+00 1.000000005015229138e-03
5.124700494772073123e-01 7.933229876952951010e+00 9.989999999999995550e-01
9.989999999999998881e-01 7.738852805125881140e+00 1.000000000000130559e-03
4.297462670539303753e-01 7.952254569185436495e+00 9.989999999999702451e-01
1.000000000001748405e-03 7.713405630355925524e+00 4.946650333851718151e-01
6.748271262284637473e-01 7.955438030201329447e+00 9.989999999739395120e-01
9.989999999997927205e-01 7.768856635188432946e+00 4.931463687637018256e-01
4.707972172683590473e-01 7.940109572912033009e+00 9.989999998127780945e-01
9.989999799533956226e-01 7.781232405333330604e+00 1.000257084235464580e-03
5.901662219636709672e-01 7.954217528341851917e+00 9.989999999999155111e-01
9.989999999999961133e-01 7.758238881555225674e+00 1.000000000006102561e-03
8.702789942351539798e-01 7.946679855619926514e+00 9.989999999995777813e-01
9.515551000496788037e-01 7.735931427574313624e+00 1.000000000055042797e-03
6.058039695031679495e-01 7.955492625749683633e+00 9.989999999966256983e-01
1.000000036806503612e-03 7.717796091625288568e+00 2.154598631256194885e-01
6.262062725143618946e-01 7.957897192104244510e+00 9.989999998844867335e-01
9.989968050140406453e-01 7.735245669613027175e+00 3.903813527134070149e-01
4.086590248583697460e-01 7.941808729725333471e+00 9.989999999999956692e-01
9.989999999999998881e-01 7.724454854554802630e+00 1.000000000000000238e-03
6.660326333539490218e-01 7.953983840861928556e+00 9.989999999963800059e-01
9.989999999999998881e-01 7.779868997959575871e+00 1.000000000011357689e-03
3.195117718200384815e-01 7.951968109394290884e+00 9.989999999999943370e-01
9.989999999999971125e-01 7.761488275968058126e+00 2.962072791266597005e-03
8.863157192323043443e-01 7.957990590969124867e+00 9.989999999999998881e-01
9.989999999998200320e-01 7.745780252518316367e+00 9.904243542451938165e-01
5.957388035845733176e-01 7.937238627985657047e+00 9.989999999962331234e-01
9.989999999999497060e-01 7.762792089094775250e+00 1.000000000035120365e-03
3.844902164274002221e-01 7.946101240676012090e+00 9.989999999994223501e-01
9.989999999999981117e-01 7.775967545868201825e+00 1.000000000132684249e-03
9.831333947670334306e-01 7.944464626729008216e+00 9.989999999082734838e-01
9.989999999999998881e-01 7.756007316671110097e+00 8.522838411188372598e-01
2.808446756825428992e-01 7.951119172068724872e+00 9.989999999999997771e-01
4.960438354726907639e-01 7.753552159505816554e+00 9.989999999999996660e-01
5.454942535717010044e-01 7.953560499729980471e+00 9.989999999999906732e-01
9.989999999999995550e-01 7.769435014249663318e+00 1.000000000016810142e-03
5.005443821141750682e-01 7.947345057578854011e+00 9.989999999910387229e-01
9.989999996727042531e-01 7.757191424405967872e+00 1.000000101058930125e-03
5.310599562835200960e-01 7.950597964823939989e+00 9.989999999999977787e-01
9.989999999997986047e-01 7.752838396687719680e+00 6.345820817745542186e-01
9.989999720583214726e-01 7.945008750877406101e+00 9.989999999999978897e-01
9.989999999901242322e-01 7.770168208819535849e+00 2.097332607887986977e-01
4.297834808057908185e-01 7.959799897207252783e+00 9.989999999999981117e-01
6.671248190946882373e-01 7.753901523296133469e+00 9.989999999740961645e-01
5.032248545994785216e-01 7.945522185681569205e+00 9.989999999909612294e-01
4.045215330986612345e-01 7.752215865697131392e+00 9.989999999999927827e-01
5.455479590099339138e-01 7.943206518900565172e+00 9.989999999999972236e-01
6.461389938762427398e-01 7.778062836855735185e+00 1.000000133902292053e-03
6.488007650035881868e-01 7.945667423954846598e+00 9.989999998829217631e-01
6.980787933748489049e-01 7.778009207705363082e+00 9.989999998825856986e-01
7.069269014109520466e-01 7.952857721752768505e+00 9.989999999998494529e-01
5.058229216230663017e-01 7.749074843515969313e+00 9.989999999862845259e-01
3.548654538175364248e-01 7.942731315986257812e+00 9.989999999038823297e-01
9.989999998444477614e-01 7.760473456996250796e+00 7.830198743507040815e-01
8.551098965350686365e-01 7.944839482538111675e+00 9.989999999992543733e-01
1.000000000216571790e-03 7.724447144841348312e+00 1.000000042487773086e-03
9.989999999998312452e-01 7.963768375853825354e+00 9.989999999999998881e-01
9.989999999944344511e-01 7.765352091436247051e+00 1.000000000147558202e-03
1.000000860880392601e-03 7.934566369500291927e+00 9.989999999995508029e-01
9.989999999999930047e-01 7.749583665770670038e+00 1.000000000033903456e-03
6.916943425222908948e-01 7.948257211906915032e+00 9.989999999978231848e-01
3.494599697131125504e-01 7.680574020300191762e+00 9.989999994575562425e-01
3.904866488251983458e-01 7.944222328206755002e+00 9.989999995337083272e-01
9.989999999999891189e-01 7.774522247130971842e+00 1.000000000133200546e-03
7.539908123804254236e-01 7.942833352695623184e+00 9.989999999942760223e-01
9.989999999999606972e-01 7.766688159249468093e+00 9.989999999863630187e-01
6.854597470563263961e-01 7.949609839466113215e+00 9.989999999959608967e-01
4.363874603528606344e-01 7.745395289456651788e+00 1.000000302075722746e-03
5.409831349761891062e-01 7.939658934613168739e+00 9.989999999999960023e-01
9.989999999716275836e-01 7.746007316764800699e+00 5.765217740867774054e-01
5.300568083257773955e-01 7.950270134437342762e+00 9.989999999999729097e-01
9.989999565367789769e-01 7.733564799134261314e+00 1.000039521790711643e-03
6.318660884643473308e-01 7.942457146356161068e+00 9.989999999999998881e-01
9.989863657934309193e-01 7.763167100009878752e+00 9.989999996369800517e-01
5.045493365702725663e-01 7.952294746467015507e+00 9.989999999999844560e-01
2.109923585724966244e-01 7.758279874278895427e+00 2.366011832283179406e-01
7.735764172286155871e-01 7.945832122510525508e+00 9.989999999822178900e-01
9.989999999992533741e-01 7.755000131322650425e+00 1.000000008401814204e-03
6.584974792825881718e-01 7.954268631393151878e+00 9.989999999988249391e-01
9.989999999999989999e-01 7.746775203570285484e+00 6.543078294124070604e-01
5.398408957545723919e-01 7.952172543549226091e+00 9.989999999999931157e-01
9.989999999999995550e-01 7.724370178330737247e+00 1.000000000000764383e-03
3.496281491657339813e-01 7.948097770773107307e+00 9.989999999983510959e-01
1.000000299033396156e-03 7.729057212482262962e+00 4.977723456641601207e-01
5.520897448040196220e-01 7.950581217162264736e+00 9.989999999999980007e-01
9.989999999999998881e-01 7.769252215966043984e+00 1.000000000000079384e-03
8.143074539722326977e-01 7.959750727885976040e+00 9.989999999994432223e-01
2.398194909639281558e-01 7.744628886345579666e+00 1.000000000000325065e-03
3.023073323856517169e-01 7.942779915241766631e+00 9.989999993381877275e-01
9.198702774386847691e-01 7.757466213202585337e+00 9.989999996663611048e-01
6.971352918083046912e-01 7.956352931416398100e+00 9.989999999946053144e-01
3.033823121713610793e-01 7.759774760789189152e+00 1.000000011094050829e-03
6.916911650038383153e-01 7.963303599766216934e+00 9.989999999979940482e-01
9.989999999999998881e-01 7.754964835542383916e+00 9.989999999998627755e-01
8.254256273325908388e-01 7.947622111682777657e+00 9.989999972010593643e-01
9.989999999927283714e-01 7.783607071768244623e+00 8.525116384496546074e-01
9.989999974007126582e-01 7.946164822611559764e+00 9.989999999999515934e-01
9.989999990219574633e-01 7.739313397052073107e+00 9.118720282477544847e-01
3.880960116277138994e-01 7.935788931313347838e+00 9.989999999267132891e-01
9.989999999999978897e-01 7.792170982134624779e+00 4.020021322396721275e-01
3.459243343910400892e-01 7.951891374827929404e+00 9.989999999252646701e-01
9.989999999999650271e-01 7.758051946417527489e+00 4.190883606509338555e-01
2.821375783556531736e-01 7.948312924602431551e+00 9.989999999999994440e-01
9.989999999999662483e-01 7.766682493552184319e+00 8.570482908252273768e-01
5.013973373938948042e-01 7.952096044280652976e+00 9.989999999642926731e-01
8.507724727010583798e-01 7.770133738013045743e+00 9.989999999999989999e-01
6.511269169448834493e-01 7.951838114236332800e+00 9.989999999999998881e-01
9.989999994777039038e-01 7.766082529575952798e+00 4.754734949863164140e-01
8.380975681641196218e-01 7.953994461884923872e+00 9.989999996178552388e-01
9.989999999999995550e-01 7.777186258777246231e+00 1.000000000000993801e-03
2.633361617779585995e-01 7.936381248960963752e+00 9.989999999813766740e-01
9.989999999999996660e-01 7.778198837053888148e+00 6.144237102237991577e-01
7.140782788514961066e-01 7.954812423072850081e+00 9.989999999287357824e-01
9.989999999999614744e-01 7.699840328846764059e+00 1.000000000004088114e-03
6.712517679209744070e-01 7.947550290141419893e+00 9.989999999999998881e-01
2.972342966846073797e-01 7.764029364940345346e+00 1.000009375543377049e-03
5.974896027651495078e-01 7.936698020784128893e+00 9.989999999995188285e-01
9.989999999999991109e-01 7.753175292283731146e+00 1.000000000031010588e-03
7.319335042955701365e-01 7.951132844425695012e+00 9.989999999988786739e-01
9.989999999998986357e-01 7.756946633565920735e+00 1.000000000000996186e-03
5.641813486425267810e-01 7.958299463614301850e+00 9.989999999999996660e-01
9.989999999993549595e-01 7.748885554880968307e+00 3.203220108795645227e-01
2.355972823333362665e-01 7.947883937746807348e+00 9.989999999926189034e-01
7.275494256924917025e-01 7.758006641554398897e+00 9.989999999990393231e-01
2.519166655314830083e-01 7.949224726590652601e+00 9.989999999997771774e-01
9.989999999999998881e-01 7.741644489236128024e+00 1.000000000000016284e-03
8.667506524583123984e-01 7.945430751742606823e+00 9.989999999992479340e-01
9.989999999999998881e-01 7.757232379571179948e+00 1.000000000000062688e-03
6.917331294978619205e-01 7.962702593214556757e+00 9.989999999855343482e-01
9.989999999999993330e-01 7.769338849541840730e+00 1.245555498957035406e-01
7.016562433242413688e-01 7.954340041115070647e+00 9.989999999998913083e-01
8.446892252401133616e-01 7.765341193384657004e+00 1.000000362768137816e-03
9.989999999997277724e-01 7.957683977736580871e+00 9.989999999999998881e-01
1.000000000000000671e-03 7.758963458842735861e+00 1.000000000002778831e-03
4.501261977196996944e-01 7.946776357142486091e+00 9.989999996651039993e-01
6.387268882442512785e-01 7.760979502080732395e+00 9.989999999938027342e-01
7.389374874367402590e-01 7.951731294178706833e+00 9.989999999963051769e-01
9.989999999999998881e-01 7.760828998159012393e+00 1.000000000000000238e-03
5.596051458687196778e-01 7.961808609010878612e+00 9.989999999999998881e-01
6.707925944403941854e-01 7.740728245810863051e+00 9.989999999999952252e-01
5.511395717116168713e-01 7.960245674532195892e+00 9.989999999999923386e-01
9.989999999358860627e-01 7.769663227727301447e+00 5.261925826694842101e-01
3.084765915530641167e-01 7.944611810008269437e+00 9.989999999999998881e-01
9.989999999999992220e-01 7.765482512431298723e+00 1.000000000000995318e-03
8.649864911279429025e-01 7.956801320037594216e+00 9.989999990225376658e-01
9.989999999999388258e-01 7.750234015630916851e+00 9.075091172332645506e-01
4.175089821543990221e-01 7.958720617597444758e+00 9.989999999382032092e-01
9.989999947368911615e-01 7.745642668148231103e+00 9.138769304885363542e-01
5.696658022474930805e-01 7.962650538165386038e+00 9.989999999999995550e-01
9.989999999822454235e-01 7.725949674701068304e+00 1.000000035238865232e-03
7.100786920484944975e-01 7.965934800774966185e+00 9.989999999992378310e-01
5.384630914769686916e-01 7.754111800395034670e+00 1.000000311478453077e-03
3.979990140116778652e-01 7.937739295631739189e+00 9.989999999999978897e-01
1.000000137987654093e-03 7.781763632012152598e+00 1.095634656943868246e-01
8.293491157884034237e-01 7.943275466273396646e+00 9.989999999989903623e-01
1.107550139210570078e-01 7.756317147073795937e+00 1.000000043110420202e-03
9.989999421810188407e-01 7.950999787510539818e+00 9.989999997938296961e-01
2.505100116516941269e-02 7.752470898899888496e+00 1.000000000043533123e-03
7.314680533639557058e-01 7.964902522181704470e+00 9.989999999999943370e-01
9.989999999999998881e-01 7.769636455326017987e+00 1.000000000000000888e-03
6.922972704138825595e-01 7.948812198946772156e+00 9.989999999847354317e-01
9.989999999999998881e-01 7.766163381317659820e+00 1.000000000000013465e-03
5.013444633828417762e-01 7.949010340786851536e+00 9.989999999519176832e-01
9.989999999999997771e-01 7.754612409091483194e+00 1.000000000000430232e-03
6.626848746279624391e-01 7.937621763766675720e+00 9.989999999999938929e-01
7.269347188785794112e-01 7.764033369250003425e+00 9.989999999980069267e-01
7.655598641580035890e-01 7.955684687696732205e+00 9.989999999849417112e-01
9.989999999985631485e-01 7.759838276382725830e+00 7.887714753487301556e-01
5.292179826610419191e-01 7.945646197907978880e+00 9.989999999287850763e-01
9.989999999521086416e-01 7.739308486034525814e+00 1.000000008630380069e-03
4.229157538347894651e-01 7.957806468349413187e+00 9.989999999999987779e-01
9.222320773583376763e-01 7.751275607203759854e+00 9.989999999998142588e-01
5.898725069147187083e-01 7.960718262855452032e+00 9.989999999997990487e-01
9.989999999999961133e-01 7.744066953226296235e+00 1.000000479740224563e-03
8.190374413565638667e-01 7.952253517283482509e+00 9.989999999824430432e-01
9.989999999999998881e-01 7.744663245618679248e+00 1.000000000000018886e-03
6.626225270301482340e-01 7.958810221107738947e+00 9.989999999999998881e-01
9.989999999986388657e-01 7.768436424091424541e+00 8.428964061960151355e-01
2.497920556948377835e-01 7.949300152197337432e+00 9.989999999959809918e-01
9.989999999999998881e-01 7.759152503115519295e+00 1.000000000000000238e-03
5.472078306955123761e-01 7.963051529590707389e+00 9.989999999999972236e-01
8.448102278791674857e-01 7.745605006139127724e+00 9.989999999982666079e-01
9.989999999641868689e-01 7.959748128968665348e+00 9.989999999999998881e-01
7.224220103085566835e-01 7.750944189536585149e+00 1.000000000661059986e-03
7.699423993306619973e-01 7.951728339806708235e+00 9.989999999999686908e-01
9.989999999999998881e-01 7.771727235890999452e+00 1.000000000000374287e-03
5.991672358669291043e-01 7.950879397366689361e+00 9.989999999997046798e-01
9.989999999999993330e-01 7.749349453886541284e+00 1.000000000000013899e-03
2.549236860927008852e-01 7.943998401747128568e+00 9.989999999974888967e-01
9.989999999999998881e-01 7.777064178885950696e+00 1.000000000000003707e-03
5.026263411049153307e-01 7.950498781999097098e+00 9.989999999999998881e-01
9.989999999999998881e-01 7.770947820499324088e+00 1.000000000000002189e-03
7.842657720690487944e-01 7.945117558307578598e+00 9.989999999756938864e-01
1.000053933052328205e-03 7.736027640627750834e+00 1.000000480192187249e-03
4.910324943249093632e-01 7.946452017353590414e+00 9.989999999013183807e-01
9.989999999999998881e-01 7.749540288744968919e+00 1.000000000000005876e-03
7.300238328256692943e-01 7.942563363282256539e+00 9.989999996771814494e-01
9.989999999998816493e-01 7.745869247743562447e+00 9.989999999999998881e-01
4.465801687987509538e-01 7.953168247937601798e+00 9.989999999995100577e-01
7.082866155220568505e-01 7.767907345310961276e+00 9.989999999973343536e-01
3.913608692084665219e-01 7.943805301855952905e+00 9.989999999999998881e-01
1.833528334828644635e-01 7.762939060413899028e+00 1.000000024690531758e-03
8.680269738506755095e-01 7.950994280390722757e+00 9.989999999999998881e-01
9.946855181060576534e-01 7.739464384481536285e+00 9.989999999961075572e-01
4.453024006631651766e-01 7.955452994117845122e+00 9.989999999999983338e-01
9.989999999999855662e-01 7.744434761898530972e+00 1.000000000886041695e-03
4.173555340404082603e-01 7.959856328491889954e+00 9.989999999999995550e-01
8.243201024398670862e-01 7.749486265720041622e+00 9.989999967619045407e-01
4.936874170960606767e-01 7.958886549915252573e+00 9.989999999376335538e-01
9.989999998392946612e-01 7.741787777605423138e+00 3.698748578374253526e-01
5.957732902414833998e-01 7.957334480352093564e+00 9.989999999990182289e-01
9.233630788788660393e-01 7.764247782054865432e+00 9.989999999999841229e-01
8.282569780758419764e-01 7.962400040650755351e+00 9.989999975082203276e-01
1.000000015478277968e-03 7.782020245752756971e+00 2.944490512881502986e-01
3.734322783750474994e-01 7.955969988604621790e+00 9.989999999999108482e-01
6.325114232213280285e-01 7.746444424168257292e+00 9.989999999970098354e-01
6.952120416308529283e-01 7.959635440465401501e+00 9.989999999984731094e-01
9.949201790900885634e-01 7.756376274467100096e+00 1.000000000000002406e-03
1.328108530535387355e-01 7.947012657157434212e+00 9.989999999806821185e-01
9.989999999974158440e-01 7.771015472663782120e+00 4.631703630630240043e-01
6.932817059375725455e-01 7.957526279846565131e+00 9.989999999973252498e-01
4.761622618866820367e-01 7.734406773610683850e+00 9.989999999999996660e-01
7.330818112348084226e-01 7.944134405284619227e+00 9.989999999999923386e-01
9.989999999999210623e-01 7.762992410656933906e+00 3.880539288194891356e-01
3.069953045245655820e-01 7.945745388017036781e+00 9.989999999994334523e-01
6.365261877834691440e-01 7.745601050039319979e+00 1.000023996318738506e-03
4.406066898807727283e-01 7.946954081571366402e+00 9.989999997435103918e-01
4.760904486147928272e-01 7.750577837529560199e+00 9.989999996517485714e-01
6.754103616230339169e-01 7.967151591801013844e+00 9.989999999999982228e-01
9.989999999999998881e-01 7.770216826539006583e+00 1.000000000000013899e-03
5.927977341496172281e-01 7.939684507670525804e+00 9.989999999999381597e-01
9.989999893345238302e-01 7.744234297206658901e+00 1.000000096860319048e-03
7.717962835744091032e-01 7.961658405637630054e+00 9.989999999877222647e-01
9.989999995717009362e-01 7.752036054868150394e+00 8.347840879899276478e-01
6.971728120801929940e-01 7.947205810175874241e+00 9.989999999682060983e-01
9.989999440835878319e-01 7.764420961801708820e+00 1.000026961106154078e-03
6.518021601292983691e-01 7.960203112730641628e+00 9.989999999999892299e-01
9.989999999999994440e-01 7.736871103116777171e+00 1.000000000003051399e-03
6.927085040289909790e-01 7.950333903739175589e+00 9.989999999987990709e-01
9.989999999999510383e-01 7.753351443271059296e+00 1.000000000125468450e-03
4.371374812503998619e-01 7.946513558368447860e+00 9.989999999994765290e-01
9.989999999999772395e-01 7.777310974167960467e+00 1.405586205503725761e-01
4.327871075113008947e-01 7.943251863099725973e+00 9.989999999999873426e-01
9.989999999998669944e-01 7.793404374947188629e+00 1.000000000282891570e-03
8.422219272647442079e-01 7.957873117680883901e+00 9.989999999993729451e-01
5.946936557633355491e-01 7.761067138972572721e+00 9.989999922751899852e-01
7.552229429771176727e-01 7.948653457395492339e+00 9.989999999957068777e-01
3.992559827624070912e-01 7.728826637512319131e+00 9.989999999999814584e-01
6.617399292831663837e-01 7.942152833047096294e+00 9.989999997258972586e-01
9.989999999999971125e-01 7.764035351445738975e+00 1.000000000005026382e-03
5.172722245960230669e-01 7.953795187971397951e+00 9.989999999999998881e-01
9.989999997659163578e-01 7.777777905170239592e+00 1.000000220961123117e-03
4.025367819590412455e-01 7.946915075423325092e+00 9.989999999999993330e-01
7.912661840397031687e-01 7.755830674847233652e+00 9.989999999798648833e-01
9.346092853093737052e-01 7.947382057094677599e+00 9.989999996793016424e-01
9.989999146356408621e-01 7.760004093225069788e+00 1.000124078593973799e-03
9.673161294196102045e-01 7.945549593711741743e+00 9.989999999994800817e-01
8.462283485567602126e-01 7.738480995899501558e+00 9.989999999999998881e-01
3.886725356388411878e-01 7.943268648891882222e+00 9.989999999999951141e-01
6.287613457808315376e-01 7.737988579105674170e+00 9.989999999244482121e-01
9.018297780866874058e-01 7.952001735890203982e+00 9.989999999999980007e-01
9.989999999999998881e-01 7.729845366147594099e+00 1.000000000000000238e-03
4.335546377113738692e-01 7.936098979297093514e+00 9.989999998553836802e-01
8.007552308937242458e-01 7.762281494478779464e+00 9.989999999990728519e-01
4.786162777114895683e-01 7.953090496466122872e+00 9.989999998640737289e-01
9.989999999888432569e-01 7.784649115541251163e+00 1.911373608284711034e-01
6.706844029651610750e-01 7.947784510076816744e+00 9.989999999945494702e-01
9.526775824941157156e-01 7.769133899376787333e+00 8.558472522973532559e-01
8.507638233059100497e-01 7.948395789219414809e+00 9.989999999979717327e-01
8.339725606342548447e-01 7.748663040042454320e+00 5.477539985132714312e-02
3.255475550433007403e-01 7.944670979331357685e+00 9.989999989448392625e-01
4.541729114376106269e-01 7.752970867616520323e+00 1.000000434150044495e-03
5.196539746518831215e-01 7.954416845141080827e+00 9.989999999999026326e-01
1.000000005408081122e-03 7.709971654481348580e+00 4.230082867340603792e-01
4.141379551027813966e-01 7.945005327615754176e+00 9.989999999654036733e-01
4.350216697707632307e-01 7.742117076619797977e+00 9.989999999999383817e-01
4.269744292525156082e-01 7.951450325381267170e+00 9.989999999603091929e-01
1.000000009194945390e-03 7.745896822855651287e+00 1.374797666165669952e-01
9.328050185037991548e-01 7.966335503713932731e+00 9.989999999999693570e-01
9.989999999999998881e-01 7.764347765751389296e+00 1.000000000000036016e-03
4.996829462844226133e-01 7.963406570264781159e+00 9.989999999912346773e-01
9.989999999997459801e-01 7.776718907167090578e+00 9.989999999999998881e-01
1.828224759630451279e-01 7.954582255883758002e+00 9.989999999817393839e-01
9.989999999999998881e-01 7.757416184465655284e+00 1.000000000000005225e-03
9.989999999999998881e-01 7.958796005655345063e+00 9.989999999999998881e-01
9.221456920588328998e-01 7.737726536213174633e+00 9.989999999999484848e-01
5.989303874153512064e-01 7.961404437164397052e+00 9.989999999998524505e-01
5.578288314417473304e-01 7.723986754205133920e+00 9.989999999999983338e-01
6.403093803714801080e-01 7.963485532688566515e+00 9.989999999997796198e-01
6.972077521504466135e-01 7.743214659662831068e+00 9.989999999987972945e-01
2.923314534759081651e-01 7.952120782235505558e+00 9.989999999991243662e-01
9.884241766151941055e-01 7.781994170462430027e+00 6.895968430950198957e-01
2.797613926712884669e-01 7.954829195362211003e+00 9.989999998154549532e-01
9.989999999948766529e-01 7.750680668511420457e+00 1.003424500465594903e-03
6.197628029935204896e-01 7.950836212108698398e+00 9.989999999982379641e-01
9.989999998915862767e-01 7.771888036418107326e+00 7.388585407092992385e-01
9.989999999999997771e-01 7.960947814933707178e+00 9.989999999999998881e-01
4.595158841341219769e-01 7.764088147263290551e+00 1.000000000384388505e-03
7.907950158882692815e-01 7.943213089295054097e+00 9.989999999999901181e-01
9.989999999020118260e-01 7.759698065404537992e+00 4.714101412806312452e-01
4.920460022835692615e-01 7.940256625681175962e+00 9.989999999797036789e-01
9.989999999058406521e-01 7.736899072503717889e+00 9.227124389198529952e-01
6.946857713228172804e-01 7.955081945421066614e+00 9.989999999999998881e-01
9.989999999492408245e-01 7.753064210071475060e+00 8.433754417149291749e-01
4.335676609692906136e-01 7.950953844011643845e+00 9.989999999999755742e-01
9.989999999997760671e-01 7.761169102233414385e+00 5.786720791114281504e-01
6.415461806106376175e-01 7.945597677713386986e+00 9.989999999999965574e-01
9.989999999996029834e-01 7.768260069951584690e+00 1.000000011620988697e-03
7.027848289349771793e-01 7.959311691180839254e+00 9.989999999991757695e-01
1.000000000000224884e-03 7.731039944776267880e+00 1.000000000001648659e-03
5.990948640876777587e-01 7.961014634096788001e+00 9.989999999995337054e-01
5.359125220435564385e-01 7.765423172130530460e+00 1.000000008161644992e-03
8.179983901947206482e-01 7.938313875564015909e+00 9.989999999975284206e-01
4.496046768301346086e-01 7.752639669753094154e+00 9.989999999999998881e-01
8.805651530170406360e-01 7.967089805568510208e+00 9.989999999999992220e-01
9.989999999999998881e-01 7.743708892067474814e+00 1.000000000000002406e-03
4.860936156078129455e-01 7.952143745075706427e+00 9.989999999999998881e-01
9.989999999731845604e-01 7.751780547817419986e+00 1.000000010723246964e-03
4.404919200545360791e-01 7.949545802323796373e+00 9.989999995846647884e-01
7.961619590380332179e-01 7.781000322929218171e+00 1.000000000003166975e-03
9.989999999976967304e-01 7.955812919754103874e+00 9.989998989439217159e-01
3.393205127608889954e-02 7.745799462022420201e+00 1.000000000097556749e-03
7.557203519665521840e-01 7.949824255756579916e+00 9.989999999924131791e-01
9.989999999998577795e-01 7.768816320888274340e+00 1.000000000125426383e-03
6.466577648728980554e-01 7.941832471996618459e+00 9.989999999990204493e-01
9.989999999999998881e-01 7.767457133482468912e+00 1.000000000000000238e-03
5.553494370637361843e-01 7.948732889790976586e+00 9.989999999999998881e-01
9.989999999999803482e-01 7.740616543991786003e+00 8.867323263356347018e-01
5.511215800413654664e-01 7.947053110124080000e+00 9.989999999999995550e-01
6.155644308128105369e-01 7.757527966345239001e+00 9.989999999999978897e-01
6.030272705613665130e-01 7.954387105523885282e+00 9.989999999997162261e-01
1.810802344321054136e-01 7.746371593070061401e+00 1.000000000381301565e-03
5.034035705230061053e-01 7.939301163033138486e+00 9.989999999999998881e-01
2.159889598178298398e-01 7.728868641918650084e+00 1.000000924797102416e-03
6.287899708241430075e-01 7.965304451241452810e+00 9.989999998362824041e-01
5.520154847460355674e-01 7.721301670076539558e+00 9.989999999999751301e-01
6.273730479551227202e-01 7.953817567482730944e+00 9.989999998108236579e-01
9.989999968056697544e-01 7.762231467188255074e+00 1.000058482800964639e-03
6.366697096030542458e-01 7.940483553774700276e+00 9.989999998892394872e-01
9.989999999999994440e-01 7.710227206753959450e+00 1.000000000000299261e-03
6.986015419948045091e-01 7.961139677986867724e+00 9.989999999996174163e-01
9.989999999999997771e-01 7.756551317972378179e+00 1.000000000000081336e-03
8.213305404637750717e-01 7.952272775518263614e+00 9.989999999777889883e-01
1.000000086564381552e-03 7.733233095898457421e+00 1.000000000373356748e-03
7.563405205545169485e-01 7.962162387275929731e+00 9.989999999999961133e-01
9.989999999185144031e-01 7.784904372475026868e+00 1.000005425021408033e-03
8.028737464156232573e-01 7.962339269244800732e+00 9.989999999996443947e-01
6.617677690600672902e-01 7.739321806062845255e+00 9.989999999357370708e-01
6.774167401656158161e-01 7.960556414500294053e+00 9.989999999933498742e-01
4.339284883675430526e-01 7.740993947023060429e+00 9.989999984768511698e-01
3.142539117301972329e-01 7.931075851822368072e+00 9.989999995135946387e-01
9.989999999999755742e-01 7.787707639725720554e+00 8.575205154850375211e-02
2.856720074522042796e-01 7.939757215676007007e+00 9.989999999995331503e-01
9.989999999998732116e-01 7.755367511932722557e+00 6.402437531563984763e-01
4.855268484808946128e-01 7.943024084563395704e+00 9.989999999437306766e-01
9.989999999990312185e-01 7.779323933636900001e+00 3.196981924957102983e-01
2.369181263473066901e-01 7.928236516295736891e+00 9.989999999918363072e-01
9.989999999980327949e-01 7.773249214905184168e+00 7.059847613844003611e-01
3.225299783938709308e-01 7.945765969102701831e+00 9.989999999999862323e-01
9.989999999999994440e-01 7.720729922003909174e+00 9.460928401283807965e-01
3.622332872441692553e-01 7.958978370768249100e+00 9.989999999999997771e-01
9.738987508214480560e-01 7.752966790129629082e+00 1.000001078047333498e-03
4.181994608273041925e-01 7.960270572635222308e+00 9.989999999993741664e-01
9.989999999981550305e-01 7.765383112859437276e+00 1.000000006176008510e-03
6.114102813527849678e-01 7.955987788939785865e+00 9.989999999999998881e-01
9.989999999884184856e-01 7.767994207015581409e+00 9.989999999999998881e-01
4.661634696439042047e-01 7.945265748303023123e+00 9.989999998619967236e-01
8.413301019864213304e-01 7.740979158036349617e+00 9.989999999999989999e-01
3.224286371403699558e-01 7.953329627048095318e+00 9.989999999988047330e-01
9.989999999919614293e-01 7.744258964959216840e+00 6.930163104800192153e-01
1.865132707855197691e-01 7.948564183651133597e+00 9.989999999807560593e-01
9.989999999852302581e-01 7.765623812504295564e+00 6.269811518402465533e-02
8.572849539631206550e-01 7.953398003047384535e+00 9.989999999999998881e-01
1.680347429645577262e-01 7.745831303109864230e+00 1.000000001089445395e-03
5.155978446951990923e-01 7.946004456347922407e+00 9.989999999986011181e-01
8.857282882144790204e-01 7.725606268590793135e+00 9.989999999999611413e-01
1.089015505071872086e-01 7.942144967334318295e+00 9.989999999999800151e-01
9.989999999999998881e-01 7.781286137465802000e+00 1.000000000000020837e-03
5.969642930645912005e-01 7.952525315435068798e+00 9.989999999998288027e-01
6.821191621930093874e-01 7.764971843483175817e+00 9.989999999994815250e-01
4.955289633582605768e-01 7.950957489207906015e+00 9.989999999906263861e-01
3.665884711698673137e-01 7.724194786895222542e+00 1.000012919968080657e-03
8.727804738240236837e-01 7.951758202373549800e+00 9.989999999999995550e-01
2.327917585287035962e-01 7.752680932926016233e+00 1.000000001520268741e-03
5.010640492877601604e-01 7.941164759192118616e+00 9.989999999799008545e-01
9.989999720434905583e-01 7.759800563866868117e+00 1.000004636799695958e-03
9.022860796599324607e-01 7.949234629317770917e+00 9.989999999999984448e-01
9.096124151058390117e-01 7.772008072931701150e+00 9.802740347484377448e-02
4.900129002176791815e-01 7.954103265002165912e+00 9.989999999154179910e-01
5.131992720686685133e-02 7.744326932214777415e+00 1.000000001426326092e-03
5.935515436234138908e-01 7.946174920516411611e+00 9.989999999995550217e-01
9.989999999999998881e-01 7.744554110032302319e+00 1.000000000000054665e-03
6.180024152769308943e-01 7.950055763636907358e+00 9.989999999999998881e-01
1.000000952352684365e-03 7.734736439912210493e+00 4.462685121488181306e-01
4.354178515964970964e-01 7.954682455959437348e+00 9.989999999999807923e-01
9.989999999999998881e-01 7.736869723612273653e+00 1.000000000000003924e-03
5.683325978851826443e-01 7.936431875020116600e+00 9.989999999999998881e-01
9.989999999999997771e-01 7.769298632823653961e+00 1.000000000001866800e-03
7.306299469280429504e-01 7.966183044989689321e+00 9.989999999999646940e-01
9.989999999999998881e-01 7.724744639715997785e+00 1.000000000000000238e-03
9.876218751704346488e-01 7.963261157773212418e+00 9.989999999998622204e-01
6.747423037020414682e-01 7.754408929553658680e+00 9.989999999574364908e-01
4.983725924644785699e-01 7.942062809740691343e+00 9.989999999936687303e-01
9.989999999704660683e-01 7.768080101358815881e+00 8.204112363476572245e-01
6.242726450714481956e-01 7.938481413855177138e+00 9.989999999833486521e-01
6.551529412121667173e-01 7.730644711683154036e+00 9.989999999983963930e-01
6.187331116616191506e-01 7.937879453609426150e+00 9.989999999041138112e-01
9.989999999697239952e-01 7.767030027260744873e+00 5.337665606692756359e-01
3.660569386654454194e-01 7.945391860567383446e+00 9.989999999999950031e-01
9.989999999999915614e-01 7.760386897769487646e+00 1.000000000021050457e-03
5.240889144874455452e-01 7.944695716034636312e+00 9.989999999999887859e-01
5.767237980035296863e-01 7.749641618443422253e+00 9.989999999863913294e-01
5.586919488070511974e-01 7.943252413777535992e+00 9.989999999999987779e-01
9.989999999999998881e-01 7.735632730499323984e+00 9.989999999504547423e-01
9.989999999980331280e-01 7.958742091821378040e+00 9.989999999999998881e-01
9.989999999990637480e-01 7.706760339626923084e+00 1.000000001160710437e-03
6.853893382224680586e-01 7.958757564870758472e+00 9.989999999963754540e-01
9.989999999999998881e-01 7.769112173369221885e+00 1.000000000000264783e-03
6.607745195183006848e-01 7.949974122084268124e+00 9.989999999994896296e-01
9.989999999999961133e-01 7.792154220029282818e+00 1.000000000076644874e-03
6.530082486464813263e-01 7.949973563389179709e+00 9.989999999999367164e-01
7.886634315941356554e-01 7.770490482603562121e+00 9.989999999982256407e-01
2.730465033282271081e-01 7.959733863124634823e+00 9.989999996134494298e-01
9.989999999999958913e-01 7.768492875816931154e+00 1.079418957804000045e-01
5.366318131232237221e-01 7.962088987456411360e+00 9.989999999999427116e-01
1.000000000000000238e-03 7.725295213154263152e+00 1.000000000000009779e-03
4.602067895867213432e-01 7.947321726675063758e+00 9.989999999999998881e-01
8.218481532442050153e-01 7.761289692174435650e+00 9.989999999972448697e-01
5.845539617555995937e-01 7.949241053354980657e+00 9.989999999998301350e-01
8.562576316427426004e-01 7.741380902279806797e+00 1.000009194361772824e-03
8.093842708123540897e-01 7.950918408448162111e+00 9.989999999814347387e-01
9.989999999943318665e-01 7.737236938422272559e+00 9.989999999999998881e-01
3.909543932258950916e-01 7.949981760590477897e+00 9.989999999994425561e-01
9.989999999981933332e-01 7.769607698974486887e+00 1.000000000000009345e-03
1.694077309272078169e-01 7.939176316315949222e+00 9.989999999937551056e-01
8.501476108222636441e-01 7.762359018743319794e+00 9.989999999826290056e-01
7.616914806210436373e-01 7.952652335780248549e+00 9.989999999999900071e-01
9.989999999924933372e-01 7.772565203229329533e+00 1.865563090770272214e-01
8.112680992917836731e-01 7.965853887319759075e+00 9.989999999835862399e-01
1.000000261341100908e-03 7.753980074054810601e+00 1.018219509901262532e-01
8.859264592254729731e-01 7.954988855742957554e+00 9.989999999999940039e-01
9.495500956365574563e-01 7.743216520685401782e+00 9.989999998789185209e-01
5.208678062351962401e-01 7.959277681310208408e+00 9.989999999976091338e-01
9.989999998651795110e-01 7.767561895880649381e+00 8.531642660519133115e-01
7.222326787807975546e-01 7.945439397691790973e+00 9.989999995554268430e-01
1.772914234477786788e-01 7.765258097005974136e+00 1.000000213238863437e-03
9.578971033733896245e-01 7.949176561687861131e+00 9.989999993512900245e-01
9.989999999999331637e-01 7.749892272054615283e+00 1.000000000139754982e-03
8.165457453573164992e-01 7.949886891363846964e+00 9.989999999990847313e-01
9.989999999573897504e-01 7.754503805160048557e+00 9.009396449406928964e-01
4.906791289256662858e-01 7.951476363019444271e+00 9.989999999613421444e-01
1.000000088767899736e-03 7.727189955912897368e+00 1.839900737685215559e-01
6.422911001819149313e-01 7.951273773201170236e+00 9.989999996831597784e-01
9.593781555450131560e-01 7.775730027681253986e+00 1.000003804490984423e-03
4.650781926839443470e-01 7.953236866952818396e+00 9.989999997967738965e-01
9.989999999996544977e-01 7.760216283441820906e+00 1.000012799448863005e-03
7.764833483818699422e-01 7.945922890862307852e+00 9.989999999808537590e-01
9.529980419762519306e-01 7.752897160281865929e+00 9.989999999960968990e-01
7.336892673982824409e-01 7.951307818026988272e+00 9.989999999992149604e-01
9.350549099922896845e-01 7.708129197396615062e+00 1.000000000000037317e-03
8.860625422789244476e-01 7.959522322012936080e+00 9.989999999984320311e-01
7.791754073316576878e-01 7.753404699762961982e+00 9.989999999331256042e-01
3.407940803391730222e-01 7.956771463247122256e+00 9.989999999999997771e-01
6.732569160928690566e-02 7.757740838417620743e+00 1.000000019331524683e-03
8.264528903372464486e-01 7.953136262531226741e+00 9.989999981051260747e-01
9.989999999999998881e-01 7.741749162283933394e+00 9.989999993229299324e-01
9.303509757508522382e-01 7.961610277936733482e+00 9.989999999999912283e-01
1.809100367659093045e-01 7.745906580149196863e+00 1.000000255459430323e-03
7.600622299222798972e-01 7.956569708060454715e+00 9.989999999876254533e-01
9.989999983631721037e-01 7.741459679736821364e+00 1.000000000060534714e-03
4.072983908077519311e-01 7.939931570398646166e+00 9.989999999999995550e-01
9.989999999999991109e-01 7.754145221065528837e+00 1.000000000005074954e-03
2.409021697732834921e-01 7.949969395079504508e+00 9.989999999987202450e-01
9.989999999148228005e-01 7.783678567096758094e+00 9.989999999999895630e-01
6.824667130930163195e-01 7.942768745822936793e+00 9.989999999978208534e-01
9.989999992644325033e-01 7.754881688514379867e+00 8.434582952427798208e-01
3.498443439287663437e-01 7.938023390847202876e+00 9.989999999393701646e-01
9.989999999991499013e-01 7.741294827863330674e+00 1.000000001319942440e-03
3.404720762943283519e-01 7.948572956517246269e+00 9.989999999999857883e-01
9.989999999945723408e-01 7.734167978547782596e+00 9.989999999999998881e-01
4.657482589688465846e-01 7.950622964663551784e+00 9.989999999999971125e-01
9.989999999993843804e-01 7.738908929650983204e+00 1.000003801928727159e-03
4.916862989355718638e-01 7.958837304222486253e+00 9.989999999819797472e-01
7.842118121839015688e-01 7.777818859290919207e+00 9.989999999852150481e-01
4.265633348230037925e-01 7.957363439118971371e+00 9.989999999999978897e-01
9.989999999999998881e-01 7.757124756532941312e+00 9.989999999999998881e-01
3.506481394017396114e-01 7.943508448989893722e+00 9.989999997994696290e-01
3.843984059408185328e-01 7.758896406805974699e+00 1.000000000000000454e-03
2.998116675237528228e-01 7.956068801297733195e+00 9.989999999999998881e-01
9.989999999999904512e-01 7.742083547497379925e+00 1.000000000008139777e-03
2.598388481235769931e-01 7.950041756882633592e+00 9.989999999997455360e-01
9.989999999999998881e-01 7.740279826062388402e+00 1.000000000000000238e-03
6.410651096611884592e-01 7.948917223683381827e+00 9.989999999999793490e-01
9.989999999999998881e-01 7.761557324404468439e+00 1.000000000000002840e-03
5.680752273162416044e-01 7.953736415682763905e+00 9.989999999999996660e-01
9.989964682442483701e-01 7.773432150521242257e+00 9.989999958793759349e-01
5.615461556876950588e-01 7.935814450670095610e+00 9.989999999113080564e-01
9.989999999958052435e-01 7.774943963357445753e+00 9.989999999999998881e-01
6.437478517298312886e-01 7.962543401047450509e+00 9.989999999999994440e-01
1.379716926278144913e-03 7.733035725571139274e+00 9.424649010665277216e-02
5.834034191378593137e-01 7.946593865557985303e+00 9.989999999999364944e-01
9.989999925207267983e-01 7.772000274946952558e+00 1.000000014050623533e-03
5.790868802131257098e-01 7.960480835215956397e+00 9.989999999814385134e-01
9.989999999998726565e-01 7.746344944501555752e+00 9.989999878267421529e-01
6.264048549556975320e-01 7.957367305620222098e+00 9.989999999999998881e-01
9.989999999999658042e-01 7.751333681877024873e+00 1.000000000253392597e-03
1.310518452378536258e-01 7.944751356320383984e+00 9.989999999703360611e-01
9.989999999999713554e-01 7.750198115968121471e+00 9.520080092458108600e-01
7.477955666825190084e-01 7.960040370964806655e+00 9.989999999938475872e-01
9.989999999985389456e-01 7.740324819770475706e+00 3.688176847861355800e-01
8.545865093336032503e-01 7.946697750997016030e+00 9.989999994274170181e-01
9.989998740417072032e-01 7.754182380957388432e+00 1.000029013022276552e-03
9.871462295131843145e-01 7.963297746579759639e+00 9.989999999999911173e-01
9.989999999995630153e-01 7.752031786777274114e+00 1.000000005481698449e-03
8.136013040310885458e-01 7.954469101478715665e+00 9.989999999485286164e-01
9.989999971578157334e-01 7.728445879128877927e+00 1.000003556539107294e-03
9.989998018867825014e-01 7.961172870498389287e+00 9.989999995678733313e-01
9.156294748321378574e-01 7.770636509183961316e+00 9.989999999999975566e-01
7.867522304288893098e-01 7.942671195297734243e+00 9.989999999999966684e-01
5.993937712264311157e-01 7.765689123102962554e+00 1.000000550718752306e-03
9.989999999999998881e-01 7.969158605055180367e+00 9.989999999999998881e-01
1.000000249917203923e-03 7.749022522052503525e+00 1.000000108600613332e-03
4.471344155218423544e-01 7.950493069874561947e+00 9.989999999999984448e-01
7.024703360321934431e-01 7.788361540372328307e+00 1.000000118075630674e-03
8.094250459027420019e-01 7.959104480719010333e+00 9.989999999994905178e-01
9.989999999999585878e-01 7.745603792985760627e+00 9.989999999999998881e-01
9.744295814961644320e-01 7.950205059578637545e+00 9.989999999472040093e-01
9.989999999988065094e-01 7.769836597516005305e+00 1.000000075756236591e-03
7.034962720634045930e-01 7.957125954058737349e+00 9.989999999987324575e-01
9.989999999999996660e-01 7.745049246343390870e+00 1.000000000001376090e-03
1.565078881000683542e-01 7.934463182997699704e+00 9.989999999884949800e-01
9.989999999902188232e-01 7.782544306745331042e+00 2.706426790921126480e-01
8.734549467091790032e-01 7.943563182697481295e+00 9.989999999990002433e-01
6.366161558033597290e-01 7.753309767510734751e+00 9.989999999988163903e-01
9.989999999915787354e-01 7.964955959676126795e+00 9.989999999999998881e-01
6.552243585651973401e-01 7.736454440149303835e+00 9.989999999510059681e-01
5.981189253165517528e-01 7.952162673553686112e+00 9.989999999998850910e-01
9.989999999999998881e-01 7.752472240813665039e+00 1.000000000000035149e-03
6.416716158196954511e-01 7.962095965525164409e+00 9.989999996889659117e-01
9.989999999999997771e-01 7.790568394592655821e+00 7.645596095048007301e-01
7.209103761028881063e-01 7.951286816755716025e+00 9.989999999999985558e-01
9.989999999998168123e-01 7.766997246884413286e+00 1.000000000308414773e-03
4.599154468371525195e-01 7.944233061529903495e+00 9.989999999999980007e-01
9.989999999999998881e-01 7.760410714993035697e+00 1.000000000000001972e-03
5.738828478014549317e-01 7.952881272084233011e+00 9.989999999999998881e-01
9.989999999382047635e-01 7.756943916618883605e+00 1.531155396872752317e-01
4.201552668859682704e-01 7.946034906807740938e+00 9.989999999623180305e-01
9.989999999999997771e-01 7.733829500204933538e+00 1.000000000000215343e-03
4.641925423090392244e-01 7.957399208540897995e+00 9.989999997930408826e-01
3.854871938034119538e-01 7.745482102662208490e+00 1.000000001462943286e-03
8.338680564648200955e-01 7.949783447100291056e+00 9.989999999999998881e-01
9.989999999999998881e-01 7.766992579019156295e+00 1.000000000000001539e-03
6.767413736679644964e-01 7.946653126483056440e+00 9.989999999998335767e-01
9.989999999999481517e-01 7.753646920557495825e+00 1.000000000001919276e-03
7.632157681678480854e-01 7.952066398969982686e+00 9.989999999999978897e-01
5.960316756888650591e-01 7.766587055368793457e+00 7.425960483854994187e-01
6.126362833905698579e-01 7.947709666876141554e+00 9.989999999894463301e-01
9.989999999990138990e-01 7.757657514557275036e+00 3.486112355765899062e-01
7.956732204490643001e-01 7.938198948165541502e+00 9.989999999984255918e-01
9.989999999758865101e-01 7.770468715903499302e+00 7.502860763653326215e-01
4.878422943483039509e-01 7.945263258548095564e+00 9.989999999911522988e-01
9.989999996644899349e-01 7.698347164708626345e+00 1.078668415343509157e-01
5.384630127529439481e-01 7.938792215806786956e+00 9.989999999999998881e-01
4.661850762590488695e-01 7.717583750752824656e+00 9.989999999999998881e-01
9.989836900523328955e-01 7.955933649796146589e+00 9.989999999999998881e-01
8.957435492431055080e-01 7.747161045077288755e+00 9.989999999997183355e-01
7.036195035219646732e-01 7.960335407992696233e+00 9.989999999980283540e-01
5.876823818539579358e-01 7.749860418738378165e+00 9.989999999949483733e-01
4.729504668681742685e-01 7.938707468697508318e+00 9.989999999645490236e-01
1.255383267217466126e-01 7.736327659174736304e+00 1.000000004757432533e-03
5.982381474625786399e-01 7.944999902729102281e+00 9.989999999996588276e-01
3.645755760094308573e-01 7.740492109534217846e+00 9.989999999934808805e-01
8.362124370859770339e-01 7.956352105110037876e+00 9.989999976838240814e-01
9.989999999999974456e-01 7.749400355913526717e+00 1.000000001325744440e-03
8.651401590752916260e-01 7.947032695678634795e+00 9.989999999987807522e-01
9.989999999999998881e-01 7.748642929800801049e+00 9.989999998700741513e-01
6.233951386997529376e-01 7.963283261758284937e+00 9.989999998648687596e-01
8.005114433293478715e-01 7.775773779304810063e+00 6.734290912842879617e-01
1.888303929684115035e-01 7.936400165196312528e+00 9.989999999854445312e-01
9.094873480085643447e-01 7.784661955263375788e+00 9.989999998232899081e-01
5.479506024623311822e-01 7.950082231771147256e+00 9.989999999999980007e-01
9.989999999766713268e-01 7.756574566402000492e+00 8.140979781353288036e-01
6.553941995719824165e-01 7.946110490909837232e+00 9.989999996228823287e-01
9.135084838018033837e-01 7.769321674291773228e+00 9.989999996543326155e-01
5.941009364888858446e-01 7.947814385427415473e+00 9.989999999998824265e-01
3.098755623622596600e-01 7.754800284058437576e+00 9.989999999464318492e-01
2.900124053653178602e-01 7.941632777421824940e+00 9.989999999999991109e-01
9.989999999999058522e-01 7.754799538571632844e+00 6.260756454712274044e-01
4.568924396937891763e-01 7.943309136411452975e+00 9.989999999999953362e-01
9.989999999985564871e-01 7.766114000648063787e+00 4.288133208643851724e-01
7.461067396621667847e-01 7.943395364575102313e+00 9.989999999999936708e-01
7.953659190485986574e-01 7.770651583478268343e+00 1.000000017330956786e-03
7.169374154082314154e-01 7.953668226496649396e+00 9.989999999999998881e-01
9.989999999999998881e-01 7.732938204481363265e+00 1.000000000000000238e-03
8.597694598908488528e-01 7.946038824780409016e+00 9.989999993919009835e-01
9.989999999999998881e-01 7.732445816856839294e+00 1.000000000000000238e-03
7.473440846562896811e-02 7.936034191192780085e+00 9.989999999999893410e-01
1.000000007173170499e-03 7.737430722506123182e+00 3.056891528027549931e-01
3.326162354122425002e-01 7.951718782964463550e+00 9.989999999989962465e-01
9.989999999999998881e-01 7.758934249462056343e+00 1.000000000000002840e-03
6.573609909035196264e-01 7.947671944130777710e+00 9.989999997923021402e-01
9.989999999999998881e-01 7.771380039529856454e+00 1.000000000000124704e-03
6.839865473301197651e-01 7.962663964401943240e+00 9.989999999999803482e-01
9.989999999999998881e-01 7.769342578992215032e+00 6.692427076299493072e-01
8.974564590688494103e-01 7.938516647076753863e+00 9.989999999992250634e-01
9.989999999999972236e-01 7.763663740036940375e+00 1.000000000211226673e-03
1.880750966265484214e-01 7.936965930598768537e+00 9.989999999877785530e-01
9.989999999950825993e-01 7.760472081169281111e+00 1.182997458222635606e-01
6.385625703746367066e-01 7.949602875780374944e+00 9.989999999267482611e-01
1.531066221182126874e-01 7.775262073662940310e+00 1.000000013752681089e-03
7.774736497044866246e-01 7.948303998720454011e+00 9.989999999805282416e-01
9.989999999999977787e-01 7.744219750880052544e+00 1.000000000010554512e-03
5.684730556768763376e-01 7.957334384975929709e+00 9.989999999999998881e-01
1.000000940529462059e-03 7.758051343368798314e+00 2.817851271471208952e-01
7.246415931235831165e-01 7.955953113261224452e+00 9.989999999999807923e-01
7.788146402530640167e-01 7.734590675815649519e+00 1.000000000000434352e-03
6.330143135268578858e-01 7.940358733422034021e+00 9.989999999999993330e-01
9.989999999999998881e-01 7.762459175658080746e+00 1.000000000000002623e-03
1.934782812842602839e-01 7.943125807592378962e+00 9.989999999884986437e-01
9.989999999999997771e-01 7.765273471322043264e+00 1.000000000000076565e-03
9.586001877423444562e-01 7.950534740353642604e+00 9.989999999997002389e-01
9.989999999999805702e-01 7.759270199969003912e+00 1.263900882597319454e-02
6.615637206115690949e-01 7.967124345513292738e+00 9.989999999999680247e-01
5.395167932753855977e-01 7.737654271638500170e+00 9.989997365139420271e-01
9.134528435448082684e-01 7.942656562616526195e+00 9.989999999999991109e-01
1.000000000169821643e-03 7.735367209691650814e+00 2.493080740058916441e-03
9.465615868781881437e-01 7.957207200878324116e+00 9.989999999999813474e-01
9.989999999328855740e-01 7.781363749495195492e+00 5.781322515327835809e-01
9.989988137144784064e-01 7.972243282563027833e+00 9.989999981784015715e-01
5.061041212652925836e-01 7.754174463228872050e+00 9.989999999317229484e-01
7.400065403630788907e-01 7.941331113370101669e+00 9.989999999982553947e-01
9.989999999999913394e-01 7.753489801157335215e+00 1.405808951240501703e-01
1.973714052865489788e-01 7.940423305289958655e+00 9.989999999946216347e-01
9.989999999999815694e-01 7.782623348692171206e+00 3.087514661314893494e-01
4.082735733004813627e-01 7.937120750015446369e+00 9.989999999999263913e-01
1.731976686952425570e-01 7.743038971151618988e+00 1.000000003128286713e-03
6.788944545355515281e-01 7.941489132966090381e+00 9.989999999966111544e-01
1.000000000000101719e-03 7.756034915389177442e+00 1.955053008062863640e-01
2.947173349503736106e-01 7.934635919420652606e+00 9.989999999048636559e-01
9.989999746487207011e-01 7.709669284117176780e+00 1.000064612107532140e-03
6.032889123496198991e-01 7.941409638035001883e+00 9.989999999875539549e-01
9.989999997659407827e-01 7.743321796243875177e+00 4.008861959226779903e-01
4.063401371604049017e-01 7.948760106100560385e+00 9.989999999999966684e-01
3.959042630821913433e-01 7.756657988136998583e+00 9.989999999293084354e-01
3.930324656946537210e-01 7.924340732700825285e+00 9.989999997130238896e-01
9.989999747350706283e-01 7.769974563278855939e+00 9.989999999999465974e-01
7.207412196794409365e-01 7.934472534383486320e+00 9.989999999997171143e-01
7.109755961213102271e-01 7.774375552685840240e+00 1.000000290461767723e-03
9.345734909148530889e-01 7.958582114793591344e+00 9.989999996832327200e-01
4.205798911457199196e-01 7.722866236005285323e+00 9.989965006329427633e-01
4.776674924306191783e-01 7.939918054519968571e+00 9.989999999619971760e-01
2.802784893550150924e-01 7.772001289666015111e+00 1.773770283416356563e-02
6.323767712098032900e-01 7.940152811906932229e+00 9.989999997956320321e-01
4.128560309501137504e-01 7.756286537416642091e+00 1.000000005177726324e-03
4.792823560163436136e-01 7.953278034529472684e+00 9.989999999999995550e-01
9.448254772846839122e-01 7.721905102754662131e+00 9.989999998150670413e-01
7.113874823115278190e-01 7.952870578269312318e+00 9.989999999463828884e-01
4.132718841634843154e-01 7.748304486029628180e+00 6.149199275260268660e-01
6.027425738323990423e-01 7.943411908627344253e+00 9.989999999992587032e-01
7.055913040053588547e-01 7.734348612333826978e+00 9.989999999872752889e-01
6.591118999909475473e-01 7.941566597132879046e+00 9.989999995904448316e-01
9.989999999955974097e-01 7.744941482807655042e+00 9.989999999999978897e-01
9.989999999999980007e-01 7.945340663665581893e+00 9.989999999999998881e-01
9.989999999999997771e-01 7.771216971232273174e+00 9.989999994817112539e-01
7.038085717937155872e-01 7.943201737474557156e+00 9.989999999981720169e-01
9.989999999999923386e-01 7.751358918682416110e+00 1.000000000526751623e-03
9.989999830647994239e-01 7.939692963160354111e+00 9.989999999996929114e-01
9.989999999832231969e-01 7.755934894841771232e+00 7.648487476608410995e-01
9.690351610282679218e-01 7.968175997971231439e+00 9.989999999978694811e-01
8.906755577929484913e-01 7.765030272869920758e+00 9.989999999999197300e-01
7.476513657841764582e-01 7.957980236388061179e+00 9.989999999997198898e-01
9.989999999999998881e-01 7.751365172600619857e+00 1.000000000000015633e-03
3.719876112569446280e-01 7.948767739703292534e+00 9.989999999999880087e-01
7.727174799835155872e-01 7.728459041250701489e+00 9.989999999999825686e-01
6.085978169093735346e-01 7.959213727873482469e+00 9.989999999945838871e-01
9.989999999567392708e-01 7.766211106798315278e+00 1.000000022017429350e-03
4.722724247683074417e-01 7.949744692431356619e+00 9.989999999999930047e-01
9.989999999999542579e-01 7.761644555637847276e+00 1.000000004369063075e-03
5.902403252586989613e-01 7.946879451759141233e+00 9.989999999999050750e-01
4.321729537709689817e-01 7.732321375424965559e+00 1.000000002051412446e-03
4.193945504429265059e-01 7.946602987340626534e+00 9.989999999999988889e-01
9.989999999999998881e-01 7.783234058047768578e+00 1.066396030574153081e-01
8.466458683795132778e-01 7.953765854154980275e+00 9.989999983069289824e-01
2.496012587107824254e-01 7.753880791824305341e+00 1.000000265301849954e-03
6.408103537428311292e-01 7.955265663451669411e+00 9.989999999932843711e-01
9.989999999999996660e-01 7.777030531250736622e+00 6.204385954210553944e-01
9.989997468547607840e-01 7.964561109110598558e+00 9.989999958611470721e-01
9.989999987808487747e-01 7.736701512098608013e+00 1.000000706170075127e-03
5.429463794506426133e-01 7.947134577472298567e+00 9.989999999999982228e-01
9.989999999572254374e-01 7.751131725170565367e+00 9.694550164925823665e-01
6.722974144019533416e-01 7.948180883565920674e+00 9.989999999990316626e-01
3.155758921728006317e-01 7.779152476321854692e+00 1.000000100504659737e-03
3.417340302128446528e-01 7.941817278021548354e+00 9.989999999980078149e-01
9.989999999999998881e-01 7.770248883917290073e+00 1.000000000000000238e-03
5.873997739353695735e-01 7.949950275689240620e+00 9.989999999520582374e-01
9.989999999999896740e-01 7.746623885156138201e+00 1.000000000000000238e-03
3.529692998728626852e-01 7.936429406334496228e+00 9.989999999674022968e-01
9.989999999999987779e-01 7.754501754935449576e+00 8.010083524320812387e-01
4.949353002233375931e-01 7.953166282475570448e+00 9.989999999942729136e-01
9.855153561514202742e-01 7.784063145097997349e+00 9.989999999736451919e-01
4.872465369774726662e-01 7.952518862444599712e+00 9.989999999591683277e-01
9.989999999998591118e-01 7.746344726004991799e+00 9.989999999999998881e-01
9.989999999189212998e-01 7.968948422867299541e+00 9.989999999999998881e-01
9.989999999997978275e-01 7.739721568768322513e+00 4.418162589602352419e-01
5.722559117627954439e-01 7.958588872009761950e+00 9.989999999999998881e-01
3.075198181096124306e-01 7.746750517058377916e+00 9.989999999999998881e-01
7.387409641464376397e-01 7.946410764554689976e+00 9.989999999999067404e-01
9.989996410237350632e-01 7.768568867982295068e+00 1.000000000000304682e-03
5.206814223200297853e-01 7.951967726386124369e+00 9.989999999997711821e-01
5.517741009440848554e-01 7.748148601906640565e+00 9.989999957628503680e-01
6.487697872029067891e-01 7.943256769152688079e+00 9.989999999999538138e-01
6.367652589992256473e-01 7.762384104928263362e+00 9.989999999998926405e-01
2.238893860968467764e-01 7.942397872260442249e+00 9.989999999980287981e-01
1.000000009860848487e-03 7.771427117585202993e+00 1.322687130312251713e-01
5.838179695739530439e-01 7.944536713858746602e+00 9.989999999345600123e-01
9.989999999999998881e-01 7.755458080131026222e+00 1.000000000000000238e-03
5.500922443396558670e-01 7.949594914261062684e+00 9.989999999999955582e-01
8.816777079243717230e-01 7.758089544186072217e+00 9.989999999411349751e-01
4.975488057894590921e-01 7.927566961974981119e+00 9.989999999997591917e-01
1.000000631915380070e-03 7.727760977742156534e+00 5.519349717098447350e-01
5.204166464962775018e-01 7.943448063604844123e+00 9.989999999999791269e-01
9.989999999905767591e-01 7.760919261999818630e+00 2.952935210663485965e-01
5.042764431356238086e-01 7.948289888181591323e+00 9.989999999617780180e-01
6.053605749550188264e-01 7.768021013794849772e+00 9.989999999999998881e-01
2.830380805546953149e-01 7.933923984328176360e+00 9.989999999999998881e-01
9.989999999864523916e-01 7.767171602749674442e+00 1.000000001249016102e-03
4.823993658240731119e-01 7.958282807908597434e+00 9.989999999173477807e-01
9.989999999999994440e-01 7.780709578772323276e+00 3.152571179194590401e-01
4.180058073550196873e-01 7.940661262881783422e+00 9.989999999999948921e-01
9.989999999999975566e-01 7.800555041316232341e+00 9.921543936860974244e-02
8.175030879978706366e-01 7.957619873544200750e+00 9.989999993169635939e-01
9.989999999999998881e-01 7.768315531124576623e+00 1.000000000000362144e-03
5.199012104256118816e-01 7.966201205247253725e+00 9.989999999999993330e-01
3.016195665785313396e-01 7.755113871562016037e+00 1.000000008316123202e-03
5.833607525979506159e-01 7.950469109991647798e+00 9.989999999429961530e-01
9.989999994391147720e-01 7.772526916367615613e+00 1.000000433762536110e-03
9.165077030259649593e-01 7.955752668883015133e+00 9.989999999999987779e-01
9.989999999999998881e-01 7.782386932981985694e+00 1.000000000000006092e-03
6.386968048252350538e-01 7.950971236063369751e+00 9.989999999654581853e-01
1.000000094408285464e-03 7.765827344569509627e+00 1.445314050376721449e-01
5.689647685600170979e-01 7.961260158404611431e+00 9.989999999999998881e-01
4.786526971916864603e-01 7.741205594320922145e+00 1.000001331589416009e-03
2.532158418044876402e-01 7.939555910322185994e+00 9.989999999999449320e-01
9.989999999999006342e-01 7.763598094817980133e+00 9.989999999954205512e-01
6.502341265603988063e-01 7.961259011699231003e+00 9.989999999983039114e-01
9.989999999999487068e-01 7.776916866752956459e+00 1.000000003304510983e-03
8.326464860504871890e-01 7.939502617807331575e+00 9.989999999999666924e-01
4.640355973357372377e-01 7.729072750177124362e+00 9.989999999999997771e-01
2.673689036046559830e-01 7.933405248550442934e+00 9.989999999999998881e-01
6.042453356616629412e-01 7.761207915930391721e+00 1.929773105838456793e-01
3.960263868343455451e-01 7.951775487991653790e+00 9.989999999993799396e-01
1.000006799123360265e-03 7.742398679560438701e+00 1.068198651143900668e-01
5.536921574679705138e-01 7.946312724721336096e+00 9.989999999999998881e-01
5.050347612505748929e-01 7.732374168201729958e+00 9.989999999999944480e-01
5.009756206784291566e-01 7.961232682124848914e+00 9.989999999603471625e-01
9.989999999999998881e-01 7.768345728936389527e+00 1.000000000001712843e-03
6.211305473469562743e-01 7.959421802817601588e+00 9.989999999999997771e-01
1.000000001591329953e-03 7.716271700973678094e+00 1.000001737956169407e-03
4.470174983084131415e-01 7.936387216493928420e+00 9.989999998145319138e-01
9.989999999980998524e-01 7.793669676470039498e+00 1.206089428566256214e-02
6.559692149569794628e-01 7.938195768591300272e+00 9.989999998863005048e-01
6.521746784218909188e-01 7.784709263552709757e+00 2.163682020444889498e-01
6.444079789805824410e-01 7.935435086266346971e+00 9.989999996596287124e-01
9.989999989545481629e-01 7.741776976770221808e+00 6.868297746368577927e-01
7.364278240192753122e-01 7.969507901376699621e+00 9.989999999999912283e-01
9.989999999991918678e-01 7.744322716308266408e+00 1.921508617525292673e-01
1.305211777784525407e-01 7.932071125317861515e+00 9.989999999889463966e-01
5.295657061180824021e-01 7.750129996209014216e+00 9.989999999999948921e-01
7.492596531143863592e-01 7.954415497477437924e+00 9.989999999929057850e-01
6.817872141857446444e-02 7.693095280591646379e+00 9.989999999999998881e-01
8.129273895363844371e-01 7.946021911646101721e+00 9.989999999998581126e-01
9.989999999999401581e-01 7.766510454921853324e+00 1.000000000833045025e-03
3.552734397422679380e-01 7.942826246156009518e+00 9.989999999055021451e-01
6.185857903865756846e-01 7.744619834190961782e+00 9.989999999999998881e-01
5.932678175891251682e-01 7.946588895000524566e+00 9.989999999999187308e-01
9.989999777611154874e-01 7.767932416526311279e+00 1.000028895193206917e-03
8.544983962109141684e-01 7.945772250003479087e+00 9.989999999999998881e-01
9.989999999970370359e-01 7.780629037467002185e+00 1.905544799116627441e-01
5.288932845458648169e-01 7.965510494770579264e+00 9.989999999999732427e-01
9.989999999999856772e-01 7.761838673190553983e+00 1.000000000004386486e-03
7.597272993076209513e-01 7.944380462449573521e+00 9.989999999921409524e-01
4.829901549828813923e-01 7.763235012912511834e+00 1.000000000207776959e-03
8.692771165294994606e-01 7.937115146245890429e+00 9.989999999999998881e-01
1.000001823531326394e-03 7.725297204602568968e+00 1.432357727803168779e-01
2.762060393112713563e-01 7.937271106549787625e+00 9.989999998939892434e-01
6.158563616317624251e-02 7.728785040988633170e+00 1.000000065638252883e-03
2.583797372679717541e-01 7.944906340998337591e+00 9.989999999999998881e-01
9.989999999996177493e-01 7.750158916977060386e+00 6.530956691205377362e-01
6.153844457304362692e-01 7.951651843885298554e+00 9.989999999332647151e-01
9.989999997711618285e-01 7.777277689815849548e+00 1.000000279736764155e-03
3.906629806831688478e-01 7.946456306622361687e+00 9.989999997068580440e-01
9.989999999962951849e-01 7.781668993613414465e+00 1.000000000016240068e-03
4.860953372333077227e-01 7.938810017940557628e+00 9.989999999425873689e-01
9.989999999999998881e-01 7.759302084046147741e+00 1.000000000000016934e-03
5.516649309445548210e-01 7.947649628405689448e+00 9.989999999999993330e-01
7.158978025882333229e-01 7.753626800008073694e+00 9.989999999999997771e-01
9.665679809972932413e-01 7.964337300251201235e+00 9.989999999993067759e-01
1.000000000002050681e-03 7.721173319478563890e+00 7.001844129622389890e-01
5.617592803191829853e-01 7.948514398731342467e+00 9.989999999999998881e-01
9.989999999999998881e-01 7.763672807470979542e+00 1.000000000000000238e-03
2.616702447153316791e-01 7.952154884739112362e+00 9.989999999991540092e-01
9.989996494479416178e-01 7.776743007836197208e+00 1.000019653960713918e-03
5.485196166709134236e-01 7.949357551607418415e+00 9.989999999999998881e-01
3.293184679599250875e-01 7.707455848821731514e+00 9.989999999999962244e-01
4.321649675509040556e-01 7.944254233148507538e+00 9.989999997938658893e-01
7.897040701893129899e-01 7.776687802913762937e+00 1.000000000000011947e-03
8.538044990689683811e-01 7.941806511176369376e+00 9.989999999996075353e-01
9.989999999999497060e-01 7.776402726224859840e+00 6.638467047228328033e-01
8.658735741130422214e-01 7.951715569101689418e+00 9.989999999993777191e-01
9.989999999999995550e-01 7.742035264686477625e+00 1.862387777667243449e-01
6.884158556893162917e-01 7.951449331471667215e+00 9.989999999988249391e-01
9.989999999999993330e-01 7.771139924169106372e+00 7.327818695032060070e-01
3.746092594778822060e-01 7.930045172917793650e+00 9.989999999999273905e-01
9.989999999211035542e-01 7.768788503117213473e+00 5.576844678963254198e-01
7.008400519835310538e-01 7.951446324680809141e+00 9.989999999996913571e-01
1.000000005821659148e-03 7.737955929056115956e+00 6.653161789624155720e-01
1.510022272728073489e-01 7.938799555013691389e+00 9.989999999839836997e-01
9.989999999999998881e-01 7.773451582428666740e+00 1.000000000000001972e-03
2.827691192634042006e-01 7.926873462239723445e+00 9.989999999999998881e-01
9.989999999999983338e-01 7.750620644496432732e+00 1.000000000002393506e-03
7.587576571930122471e-01 7.956432776053232736e+00 9.989999999983414369e-01
9.989999997937132337e-01 7.748734979562586389e+00 8.693755543999004409e-01
8.446861121934805539e-01 7.964247603161298095e+00 9.989999999943263154e-01
1.000000007647130996e-03 7.722394671042581926e+00 2.911950104189046651e-01
5.222486077397501258e-01 7.948112760559214784e+00 9.989999999999980007e-01
6.239710785689676076e-01 7.738329405423610474e+00 9.989999997554620537e-01
7.916106290568366566e-01 7.956062730833094676e+00 9.989999998485429300e-01
9.989999999999998881e-01 7.795427658275920990e+00 6.152886749696462321e-01
2.327417314617555022e-01 7.927424216192394901e+00 9.989999999998322444e-01
3.050865139415625538e-01 7.757852535768919644e+00 9.989999999999998881e-01
8.967847760768334897e-01 7.954844845921285490e+00 9.989999999999870095e-01
9.989999999999797931e-01 7.762538073606285671e+00 1.000000000018522314e-03
5.617735320340180305e-01 7.932122557994646606e+00 9.989999999999998881e-01
6.078387341017922330e-01 7.746762245183310469e+00 9.989999999999998881e-01
7.569696569411089593e-01 7.939553487183147240e+00 9.989999999999883418e-01
8.933039350071412255e-01 7.753948234601090839e+00 9.989999999999998881e-01
7.634310638461615506e-01 7.949136419044907420e+00 9.989999999999953362e-01
3.620814099091013150e-01 7.746567164710187470e+00 9.989999974100196578e-01
4.026866399342316494e-01 7.937517451391514989e+00 9.989999999999746860e-01
9.989999999997407620e-01 7.756493845490446404e+00 7.069712601269858565e-01
8.820832904029691779e-01 7.938299257282561250e+00 9.989999999991050483e-01
9.989999999839659361e-01 7.740474377215976531e+00 1.000494766780059145e-03
4.736937790119533087e-01 7.946618577832913033e+00 9.989999999886762794e-01
9.989930157580576564e-01 7.734741563871863512e+00 9.989999999973767641e-01
7.926561554034782242e-01 7.948160862306652419e+00 9.989999999993290913e-01
9.989999999999823466e-01 7.774748121838993775e+00 1.000000000469240336e-03
8.821817193754393216e-01 7.941519182490958784e+00 9.989999999999998881e-01
9.989999999999998881e-01 7.757628552097425079e+00 9.989999999999998881e-01
7.616080615854503577e-01 7.946749045607074180e+00 9.989999999999865654e-01
4.830878380627645630e-01 7.764589609799635639e+00 1.000002134118391792e-03
6.538470894446291037e-01 7.954710403938674901e+00 9.989999999999995550e-01
9.989999999999965574e-01 7.757469264651446927e+00 1.000000000001006160e-03
6.021017433504621819e-01 7.958521224961717877e+00 9.989999999949354947e-01
4.452026841180728445e-01 7.748762503346159569e+00 9.989999999999986668e-01
6.702083627370695185e-01 7.958282073210209084e+00 9.989999999997754010e-01
9.989999999898343530e-01 7.787716034406868992e+00 1.000000008605479197e-03
6.194480347408339860e-01 7.949276456791986689e+00 9.989999999998487867e-01
2.944631650904570019e-01 7.738817644308756627e+00 9.989999999998141478e-01
3.844408193788749761e-01 7.947351901767986782e+00 9.989999999999998881e-01
9.588548829196626988e-01 7.720638220440095623e+00 9.989999999999997771e-01
4.815471944043421826e-01 7.954122238650416676e+00 9.989999999544602050e-01
2.006497836120958722e-01 7.726754690379478596e+00 1.000000038928851049e-03
6.554987007883134043e-01 7.938424385864444766e+00 9.989999995815925793e-01
9.989999999875868175e-01 7.764708209776585157e+00 1.000000003068333802e-03
6.001757817513111437e-01 7.952479944144211110e+00 9.989999999995939906e-01
9.989999999963736776e-01 7.782106838908378954e+00 2.383360719091832669e-01
8.111494267208684272e-01 7.940114455737036891e+00 9.989999999775266426e-01
9.989999999569220135e-01 7.726067024784645909e+00 1.000629611513206450e-03
9.203565350227304043e-01 7.958266637309742819e+00 9.989999999018892574e-01
7.229002298852328368e-01 7.756254646937585484e+00 1.000000031177471216e-03
3.868299107769564427e-01 7.937542843015111593e+00 9.989999999440891676e-01
7.570719265776586493e-01 7.768276922610267476e+00 9.989999999853007573e-01
7.628608605600831760e-01 7.953359723730359043e+00 9.989999999999995550e-01
3.549714288862555467e-01 7.762651783212306533e+00 1.000000000221412970e-03
6.220159247686678494e-01 7.952042442844621917e+00 9.989999999164875799e-01
9.989999999999986668e-01 7.722002120085525334e+00 1.000000000002416707e-03
6.066148285386012695e-01 7.950507294812896752e+00 9.989999999952885457e-01
9.989999999999998881e-01 7.769104850325322609e+00 9.989999999998075975e-01
4.549258920553986840e-01 7.965896609734191003e+00 9.989999999999948921e-01
9.989999982955182212e-01 7.732632689724860064e+00 9.989999916517986467e-01
7.482974382141033276e-01 7.955029997378558981e+00 9.989999999933443231e-01
9.989999999998107061e-01 7.725772289729341935e+00 3.089277523559171290e-01
9.016208642293523923e-01 7.959324179973389590e+00 9.989999999999998881e-01
7.874662372738576721e-01 7.766587708185751282e+00 9.989999999649799012e-01
4.221905181638498927e-01 7.958991695209310713e+00 9.989999995107268216e-01
9.989999999917821283e-01 7.775579664609059805e+00 4.369143102237302290e-01
3.103336523830893534e-01 7.947993030212588295e+00 9.989999999983985024e-01
9.943698658017136038e-01 7.752520495382762000e+00 9.989999999969884081e-01
9.321700610957168731e-01 7.969878540409446543e+00 9.989999999999964464e-01
7.673239643882129313e-01 7.764389580929543122e+00 9.989999999984419121e-01
3.943040847587345188e-01 7.943107899111770287e+00 9.989999999990368806e-01
9.989999999999998881e-01 7.765028196237341973e+00 1.000000000000000888e-03
9.889693294073638175e-01 7.946505085291669879e+00 9.989999999999966684e-01
9.989999999988161683e-01 7.771007604587955697e+00 7.773542403728235239e-01
2.874701870069081844e-01 7.930914199926772490e+00 9.989999992827196529e-01
9.989999999999442659e-01 7.779704336229003481e+00 1.000000000052908436e-03
8.721903028278343850e-01 7.955446833266289985e+00 9.989999999989395141e-01
7.709664365202218983e-01 7.757604505018055541e+00 9.989999999989315205e-01
4.307335596258560217e-01 7.966917912881886998e+00 9.989999999994970681e-01
9.989999999999995550e-01 7.726514799875676687e+00 9.989999983788578897e-01
9.989999999999998881e-01 7.952543462042698685e+00 9.989999999999998881e-01
9.989999543847665198e-01 7.710624856220768208e+00 6.068621932746759429e-01
6.192036877345120649e-01 7.937520390289917849e+00 9.989999999999997771e-01
5.227141418033875997e-01 7.714685468786091072e+00 9.989999992398115314e-01
2.740449796737612354e-01 7.944011560349198753e+00 9.989999999981202805e-01
2.160199432309804490e-01 7.748507013008335775e+00 1.000000647930488580e-03
4.828434295884113658e-01 7.954584982516798242e+00 9.989999999999998881e-01
7.195149034050061232e-01 7.742701387893117904e+00 9.989999999965059052e-01
8.804736790971195992e-01 7.947025775237103851e+00 9.989999999994045865e-01
9.989999999999950031e-01 7.782424695576599660e+00 4.214535587478424605e-01
8.056629850245983215e-01 7.946913806185208706e+00 9.989999999999998881e-01
9.989999999999122915e-01 7.738794696696877473e+00 1.000000035065192958e-03
7.401133014340884886e-01 7.959798116543002067e+00 9.989999999973522282e-01
8.003984373770417493e-01 7.751183677060384802e+00 9.989999999469438841e-01
5.778910260442082780e-01 7.937086585120875171e+00 9.989999999397440877e-01
9.989999999958394383e-01 7.776934402437956528e+00 8.803508058721990492e-01
1.487156737617507107e-01 7.943698506132192527e+00 9.989999999846387313e-01
9.989999949488987951e-01 7.713753893657986360e+00 3.445347427491503578e-01
3.687075219126546566e-01 7.968169717615547931e+00 9.989999999996903579e-01
3.269053521594147416e-01 7.749507330988542719e+00 9.989999999999998881e-01
4.119586688797499674e-01 7.934930755046149642e+00 9.989999999999945590e-01
9.989999999999992220e-01 7.787045558476897611e+00 9.989999997207640314e-01
5.502991465135712579e-01 7.945271770802928124e+00 9.989999999999986668e-01
9.989998938421984498e-01 7.768030937896622135e+00 9.989999997225604833e-01
6.463474261886421601e-01 7.930409662136793436e+00 9.989999999999998881e-01
9.989999999985590406e-01 7.772268631083792734e+00 1.000000001621802323e-03
9.989999940059396399e-01 7.958965669387746189e+00 9.989999999999783498e-01
9.989999999999998881e-01 7.776624161838660676e+00 1.067933306040243779e-01
8.088680975653270711e-01 7.959570038710572781e+00 9.989999999941036046e-01
9.989999960427599079e-01 7.778685248512688943e+00 8.466778381770713180e-01
5.950337042919257025e-01 7.947071164540228772e+00 9.989999999997959401e-01
9.989999999999998881e-01 7.742357103352866865e+00 1.000000000000010212e-03
5.821443283945023639e-01 7.941752779524251515e+00 9.989999999999191749e-01
9.989999999979967127e-01 7.771589996936771882e+00 9.989985535586001220e-01
9.989996937002585398e-01 7.952335866404566467e+00 9.989999999999998881e-01
8.861014639741919829e-01 7.757074955929478044e+00 9.989999999990282209e-01
3.762111080511148509e-01 7.939203746944144768e+00 9.989999998660031855e-01
9.989999999073070347e-01 7.746122381602261520e+00 3.822903350947413070e-01
3.559856780111136931e-01 7.940061749615333397e+00 9.989999999999995550e-01
3.917894670514941446e-01 7.761907623020922742e+00 1.000000000000000238e-03
5.844958269326978595e-01 7.942916899168849021e+00 9.989999999496677052e-01
9.989999999874397130e-01 7.783262769164570827e+00 3.654090804708481355e-01
1.122582683479675103e-01 7.945608596470870033e+00 9.989999999999945590e-01
5.177294772590338434e-01 7.745450764131903476e+00 9.989999987642317336e-01
7.316992217245895658e-01 7.956654689932062041e+00 9.989999999999963354e-01
9.989999990370943550e-01 7.770209840367653165e+00 9.282022798317897117e-01
2.912729361246871873e-01 7.941287099889928314e+00 9.989999982006743107e-01
1.000000664414505422e-03 7.731771627400402913e+00 5.189493789648634836e-01
