2.846078272175417423e-01 7.946327569393260681e+00
4.762212700373377183e-01 7.763242937061010096e+00
3.408891548575444519e-01 7.961250001917712815e+00
6.471076639249097040e-01 7.759671842350316595e+00
2.355216226335243024e-01 7.944901075394412260e+00
9.989999999993639523e-01 7.767740036031703710e+00
3.919958258194795042e-01 7.970287207403861096e+00
6.851414678128174840e-01 7.733200783691443370e+00
3.700388018291617676e-01 7.954021039315255059e+00
6.212135480784455321e-01 7.747000617083378948e+00
1.960533798561003571e-01 7.949723537884008095e+00
3.485103807477693549e-01 7.758185478192761941e+00
3.664867507913256994e-01 7.948768022378599696e+00
6.933797104733682160e-01 7.762853683261557336e+00
3.078232089600709265e-01 7.946307486553821242e+00
9.989999999999998881e-01 7.765563472642363685e+00
1.906775300473913248e-01 7.938816170271387307e+00
4.192661813770187651e-01 7.741434436199986280e+00
3.156380762833840281e-01 7.942935796509753565e+00
3.498645912366691868e-01 7.749404675389511610e+00
4.242910967891933005e-01 7.968313408435692580e+00
9.989999999997729585e-01 7.764214384163866889e+00
2.922011558669905251e-01 7.944951470396315329e+00
5.954878327682854300e-01 7.773262880218783089e+00
2.581269227556769463e-01 7.943839894053961181e+00
4.260352866974804198e-01 7.754142295193827472e+00
4.008337341809965482e-01 7.961550699834074152e+00
3.435294363176228383e-01 7.730405620675719014e+00
1.124585901113361874e-01 7.955989883679706054e+00
9.989999999999998881e-01 7.713582839783908796e+00
3.022691015825908906e-02 7.940644319581217303e+00
4.018883193531276321e-01 7.758351277925669365e+00
3.510743614795742706e-01 7.960980968710759775e+00
9.989999981221793224e-01 7.771072696261414059e+00
2.476430514042196052e-01 7.948050490526799017e+00
9.989999999998038227e-01 7.717894475761122308e+00
2.192406457272775278e-01 7.941989080600805551e+00
2.735413360390954174e-01 7.734374001095829065e+00
1.152045242233259298e-01 7.942143883140665217e+00
6.836334268866115504e-01 7.788117873799477842e+00
2.650666629648586459e-01 7.949952637558264534e+00
4.023350092659492838e-01 7.761830418137729559e+00
2.351076272581493209e-01 7.939291813516542007e+00
9.989999547494428089e-01 7.754695769350287371e+00
1.136399062207353039e-01 7.939407448147902890e+00
8.183753350271227855e-01 7.734181326349713892e+00
2.733208270615529178e-01 7.952141079853475070e+00
8.981325018401259408e-01 7.723317270469464368e+00
2.513612265724855521e-01 7.972840950462384058e+00
9.989999999898032668e-01 7.771127792979254600e+00
1.206425488072979252e-01 7.945923102429014229e+00
5.234512927007383132e-01 7.771050274494017529e+00
3.915733612035822708e-01 7.948302307819580470e+00
9.989999999999998881e-01 7.764102040850634268e+00
2.740009148394176308e-01 7.952946454016426081e+00
2.212165004284782355e-01 7.726373838370857783e+00
1.168535751663912492e-01 7.944870016764470577e+00
1.562550765848092771e-01 7.720044349396154360e+00
3.175513451231862239e-01 7.940027671857775360e+00
9.436663427312400598e-01 7.758598075578707842e+00
2.720869438195663292e-01 7.953441269800728186e+00
9.989999999999998881e-01 7.756772335698636667e+00
3.358507267493069937e-01 7.947696896283027890e+00
4.773286131913331287e-01 7.771480557182149695e+00
1.942697193996902327e-01 7.957217777909450618e+00
2.762950898905522923e-01 7.751304274927372617e+00
3.702660021512474975e-01 7.952826856402756661e+00
3.893440437522318054e-01 7.747458676544049183e+00
3.233404767857890882e-01 7.940891368326044031e+00
5.936138846447431838e-01 7.748681007626379902e+00
3.829938919572764555e-01 7.952221321027174383e+00
8.308686387510552107e-01 7.795027767790891460e+00
2.470044197868300762e-01 7.965071936875314229e+00
2.428572200984108198e-01 7.725353191763224991e+00
6.217826677162276994e-01 7.971102561794098484e+00
9.989999998898093647e-01 7.751567225633984037e+00
3.844744144739718483e-01 7.948926094683395505e+00
9.989999999820060594e-01 7.756027052999467486e+00
2.508619751545899113e-01 7.951976177781841848e+00
4.144153487080680098e-01 7.729509642291268356e+00
2.784514850310167988e-01 7.946895480315590454e+00
5.348131963021981461e-01 7.775067473223888470e+00
4.529032687041534277e-01 7.962417879247699837e+00
9.989999999999998881e-01 7.774927175453156813e+00
1.262104800349895806e-01 7.936402998881712634e+00
3.908675501272258490e-01 7.766679572433529799e+00
3.154300212206568865e-01 7.968386384665179456e+00
9.989999999999652491e-01 7.766247502970964334e+00
2.044545561039189385e-01 7.944066510124883962e+00
9.989999999999998881e-01 7.738534855501888465e+00
3.921398121122404712e-01 7.950920784630340243e+00
6.894864202612079884e-01 7.785775089719311204e+00
4.089756486438314576e-01 7.941460569794910107e+00
7.394529952527085781e-01 7.738773286431351650e+00
2.610906008840999104e-01 7.961046846808192079e+00
7.923233678268366553e-01 7.765680629001804114e+00
1.736341346215954096e-01 7.940673220622626260e+00
9.989998759122057370e-01 7.772874925109296562e+00
3.685389591724985148e-01 7.963350157069283952e+00
6.590641973003207310e-01 7.753488296034311666e+00
2.674414180120175399e-01 7.941274339048135289e+00
6.390183310322521404e-01 7.771197631836898267e+00
1.515570057940681670e-01 7.948688552396236950e+00
9.989999999999786828e-01 7.771799494858720792e+00
5.178628826739339885e-01 7.963337821526172533e+00
3.783044936311080741e-01 7.764700117000603363e+00
3.744526261184121796e-01 7.949800401741005551e+00
2.566340005943304470e-01 7.759119147825459528e+00
8.266496444537799193e-02 7.949674218647237112e+00
2.115185955914255511e-01 7.751586227597780265e+00
2.708379379363925477e-01 7.947061608649836906e+00
9.989999984301983771e-01 7.753213054364270107e+00
3.147460697417039377e-01 7.942241263243632332e+00
5.526847510467844948e-01 7.751620517795633880e+00
5.161787713579085723e-01 7.962734521729755599e+00
6.235652679593075565e-01 7.752442747227238584e+00
5.385151609035901954e-01 7.958084892366190211e+00
3.585034883364632829e-01 7.756976925837456349e+00
2.348030017952932313e-01 7.948350008834201397e+00
5.592265372344175089e-01 7.757987046220394589e+00
3.143126524129989940e-01 7.960200237702759196e+00
9.089547187929528649e-01 7.754346671159860982e+00
3.478027146176762563e-01 7.960679178632203978e+00
9.989999709064186773e-01 7.750288499856139879e+00
4.696026353141509457e-02 7.933830428020546499e+00
4.514614668109918627e-01 7.761015075969847743e+00
3.023289067154216192e-01 7.963550121055209985e+00
9.989999999999920055e-01 7.773875501774844210e+00
3.404987436720643412e-01 7.944262772726915500e+00
2.589209891508266748e-01 7.775588235698963402e+00
2.805086136702035771e-01 7.935853835161864822e+00
9.989999999999998881e-01 7.743590416943739285e+00
2.256152596119384290e-01 7.962544241497885089e+00
9.439497806832428672e-01 7.755831108440506938e+00
2.081651755703811668e-01 7.939982269411033577e+00
8.508021792377056247e-01 7.758524583186165557e+00
1.691353907739103768e-01 7.948453586270690430e+00
3.610307248767887223e-01 7.755247130589543403e+00
3.234042858850648683e-01 7.948668553195400222e+00
9.474943894286430579e-01 7.804513619690860438e+00
5.005014956936573167e-01 7.956381334384789561e+00
8.204618294047248961e-01 7.764799365928561237e+00
3.804026668180510162e-01 7.962160208400277384e+00
2.772653712179793395e-01 7.731246183690467788e+00
3.130625808304467461e-01 7.952609626940861709e+00
9.722387629150797128e-01 7.776368304696355871e+00
2.063080113090757506e-01 7.938668774481287826e+00
4.455902630808466491e-01 7.766346102486784808e+00
2.628260237495759766e-01 7.947401819101110654e+00
8.414700878270036100e-01 7.752713987916924232e+00
3.219525169763317596e-01 7.953431295068250861e+00
2.833212011724988710e-01 7.769381877484687671e+00
3.900951417412193423e-01 7.954867871375761901e+00
7.946508980987931903e-01 7.788166801621243529e+00
1.633297864000549382e-01 7.942239679201141378e+00
4.216845789443126047e-01 7.739829151345144709e+00
2.869628815256203835e-01 7.948754816728059502e+00
9.989999999999088498e-01 7.754477076324833185e+00
2.465012935204271560e-01 7.961645802866251564e+00
4.254384090396546303e-01 7.769325013462259122e+00
3.218070872941136140e-01 7.927421231446889038e+00
9.989999862791008045e-01 7.754459893666251880e+00
4.444798983543072346e-01 7.943870697699742855e+00
7.215647485726576216e-01 7.743775334865598658e+00
2.223644524030811698e-01 7.958801027964335972e+00
6.110056216507107063e-01 7.766487050285719285e+00
3.576508987350599522e-01 7.945201259693003060e+00
4.790772708514555167e-01 7.762715703887000274e+00
1.765510238771801355e-01 7.939317284964547916e+00
8.441769129066829525e-01 7.750368798246723756e+00
5.046632497640451964e-01 7.957560332171550677e+00
8.165607851380217719e-01 7.731785698559629161e+00
3.151656182730228628e-01 7.948612811048726634e+00
5.984189386894401830e-01 7.763556571705992226e+00
2.484997124985801886e-01 7.942953296641194427e+00
7.690072901849233089e-01 7.748756825711760499e+00
2.367062664590482424e-01 7.945242693058468753e+00
4.855774870507721941e-01 7.749461212849230840e+00
2.371772730350788505e-01 7.948210227974429998e+00
6.674121121150458080e-01 7.765080978396599498e+00
4.384921097220718655e-01 7.950129632461543139e+00
9.033448669818322507e-01 7.761346482684071901e+00
4.123733926775424719e-01 7.947217635427833216e+00
9.989999998809607762e-01 7.769974924119460447e+00
3.442608729655954880e-01 7.938070654562494610e+00
4.736819508036586024e-01 7.763218247470691225e+00
3.414010341161734519e-01 7.950243684339335815e+00
8.771256365975708125e-01 7.754270641684287924e+00
3.898597821133850672e-01 7.950244643863645599e+00
1.515595008602150795e-01 7.757757009947900961e+00
4.461350011152527828e-01 7.961594461823168878e+00
4.436001603074896105e-01 7.730956963561268935e+00
2.598567931573656509e-01 7.956714204012883762e+00
9.585808797065926701e-01 7.766374621884703622e+00
2.099209636200668194e-01 7.950758712378521942e+00
4.135884290588476286e-01 7.753833742225915593e+00
2.691309902074763838e-01 7.948716974788969658e+00
6.411383186092151076e-01 7.757201023282664920e+00
3.228923570405732857e-01 7.940263843038741776e+00
1.691332066488357988e-01 7.756232747920850379e+00
4.702059147606146294e-01 7.968615294122956882e+00
4.258906761632758053e-01 7.775799221170010433e+00
1.986840169188121008e-01 7.939716912905671720e+00
7.971147461856740168e-01 7.747864485934423229e+00
2.419995324968635397e-01 7.952102221066867038e+00
9.989999999999998881e-01 7.744748796499457022e+00
1.013728182877771528e-01 7.945196849582916165e+00
3.473094836656576700e-01 7.744099160260449644e+00
1.809725639913082884e-01 7.949934532885293947e+00
4.253971009694925143e-01 7.750526068963121240e+00
3.999451856251381443e-01 7.959405514065511333e+00
5.715476149836681286e-01 7.775807360687803538e+00
2.084512016688601921e-01 7.945285673801147475e+00
4.781630700221966568e-01 7.756765785764493160e+00
4.810226884000789460e-01 7.955418268328160458e+00
4.821317457128885819e-01 7.748291818714726276e+00
3.684157653067827720e-01 7.953334824986962204e+00
5.926571477709435820e-01 7.761618403982034842e+00
4.538817685327641849e-01 7.950998638899752891e+00
9.989999999999995550e-01 7.765239606532193584e+00
2.181681859483056152e-01 7.936511021497616447e+00
9.989999385008395683e-01 7.785960767672571059e+00
3.053170592460322519e-01 7.952892876922257770e+00
9.989999999997151159e-01 7.767286289265904919e+00
5.076323283653753071e-01 7.956257675090898651e+00
1.433857134868548877e-01 7.708345609621917838e+00
4.205205070107885801e-01 7.957043027400882096e+00
8.397546866848596414e-01 7.794304622914394187e+00
3.438354592738178672e-01 7.946715205291281059e+00
3.308836943527702634e-01 7.751461467031923291e+00
3.444627140158518785e-01 7.965121078111582875e+00
9.989999999999893410e-01 7.746138934709859925e+00
4.090353626517214680e-01 7.952024253607719473e+00
4.725709736327997623e-01 7.751782755933048996e+00
1.693762478184691334e-01 7.954121153871793304e+00
9.989999999999998881e-01 7.788085090667352439e+00
2.323665281649418823e-01 7.953208363915279300e+00
2.800435879767296798e-01 7.755571377281153644e+00
3.521506385220092850e-01 7.939897213699641298e+00
4.264043281739580693e-01 7.743884689513988562e+00
2.215497695825259239e-01 7.961985315515729411e+00
9.989999999999976676e-01 7.771308564065760649e+00
3.290873525690125034e-01 7.962310664629622003e+00
9.989999910813681661e-01 7.761598105485541410e+00
3.364976775363839878e-01 7.964060535897226067e+00
1.457598132539864588e-01 7.734821340895907227e+00
1.814868018873576072e-01 7.940876323217181287e+00
9.989999999994718660e-01 7.736540805663138620e+00
4.389102647805885327e-01 7.958887712548025739e+00
9.989999999999998881e-01 7.754410865871819603e+00
3.727802852146752666e-01 7.952178009696671879e+00
9.989999999999998881e-01 7.751523359157931559e+00
4.201608858020615678e-01 7.945604942221861755e+00
6.585556777558007058e-01 7.740859688096177749e+00
4.302546481871695749e-01 7.959150327676609571e+00
9.989999999999998881e-01 7.776525862386525212e+00
8.235413433910727943e-02 7.943737187047195114e+00
1.845880263574764257e-01 7.747646951058453801e+00
3.797713074520589482e-01 7.941554300026454349e+00
9.989999750037695803e-01 7.726091948661950148e+00
3.893635554532798859e-01 7.951489374101721630e+00
2.457802952193723633e-01 7.749963399388941632e+00
2.703317967114647891e-01 7.959402366343184099e+00
9.566654463516705009e-01 7.762703009056279413e+00
8.679514206058434878e-02 7.947253779318081968e+00
9.989999918225106468e-01 7.733272318682558044e+00
4.920261251214726461e-01 7.961042234270918172e+00
3.495700065469759532e-01 7.750265433934868220e+00
1.159021972800698824e-01 7.933652861010859425e+00
9.559981395069061527e-01 7.779111679609549412e+00
3.386704466954835735e-01 7.942948581129297914e+00
8.622306204474297076e-01 7.796323462088330380e+00
2.844520347529305160e-01 7.943852014033583764e+00
6.333444683308426804e-01 7.786367489389451890e+00
4.552712210877241650e-01 7.945264426215365106e+00
9.989999999937597686e-01 7.740459521211977112e+00
3.646680606451644380e-01 7.941479995550210447e+00
8.353722220708392765e-01 7.772414094615676561e+00
2.859075420345023044e-01 7.949028555086931291e+00
9.989999999912405615e-01 7.746222798090044215e+00
4.209442036229051887e-01 7.949166461052888266e+00
9.989999788778545220e-01 7.762508470215181866e+00
2.700066256847478696e-01 7.936925135952769494e+00
9.989999999999998881e-01 7.792067825661835201e+00
4.143466092937904133e-01 7.952418388727617860e+00
9.989999999999998881e-01 7.752025533749742792e+00
3.049015508430276689e-01 7.956551709208047107e+00
2.825565749906415181e-01 7.757324913783765652e+00
1.684632432781973388e-01 7.952209496857773452e+00
5.719342258124429090e-01 7.777832361458158594e+00
2.874489728452671033e-01 7.952397477121655456e+00
6.763741649073133910e-01 7.738861755117509844e+00
3.956268477861137056e-02 7.939960851153676558e+00
9.989999999999601421e-01 7.750973474142894837e+00
2.592044065477026038e-01 7.948327595207188345e+00
4.640224686781683761e-01 7.779052212736608851e+00
3.153689188926267484e-01 7.964684737309515761e+00
9.443009779861652464e-02 7.717147946074755183e+00
2.349761301838264316e-01 7.940770817267212678e+00
3.201015675066695709e-01 7.748014907454237488e+00
3.536179166393844664e-01 7.933086021948999367e+00
8.928231536866573226e-01 7.752397287654094526e+00
2.576445961059439793e-01 7.949200447883802312e+00
9.989999999999998881e-01 7.767105188521124859e+00
3.069839680018417449e-01 7.946620116273054535e+00
8.658055364661886300e-01 7.759195329953704423e+00
2.654958465608310281e-01 7.955448125406375581e+00
6.504362174810432995e-01 7.748393497380384076e+00
5.704052709360209195e-02 7.932921068641794804e+00
5.410254727712056066e-01 7.769853277127106495e+00
2.223501881296265636e-01 7.956336910377918237e+00
4.878058171544139565e-01 7.765889229917070757e+00
1.235238220762256006e-01 7.932960001254778959e+00
9.989999999999998881e-01 7.765998176070393555e+00
2.717989673151630092e-01 7.948228825262098951e+00
9.989999999450505097e-01 7.788767800846936318e+00
4.303482829935132425e-01 7.951820627300223876e+00
7.111583806084530446e-01 7.749832172735830582e+00
2.600030469056506255e-01 7.964762904230333618e+00
9.989999847417971868e-01 7.760893033257802109e+00
2.963193703428204651e-01 7.959641656261356779e+00
2.339413292677115230e-01 7.745585332409762991e+00
1.546594472949694155e-01 7.940336681594731161e+00
8.932525006530036560e-01 7.746285442146557898e+00
3.266825793290856761e-01 7.938603082935682842e+00
7.649316208529568506e-01 7.764876556272163555e+00
3.893174239411526516e-01 7.958255760178815308e+00
2.147026101810734777e-01 7.760587417576765290e+00
2.515487354939931475e-01 7.949689035714390783e+00
7.246075998095521387e-01 7.784813113818462860e+00
2.156883022543599482e-01 7.953742451681439007e+00
7.027678993531957241e-01 7.761257338844361975e+00
1.435939970349106309e-01 7.950174744862443355e+00
6.861429577330991902e-01 7.766779196913126349e+00
3.236268898955724782e-01 7.945414039366065495e+00
9.989999999999998881e-01 7.752868194259703749e+00
5.227949246211793105e-02 7.946734287406766128e+00
9.989999999991859836e-01 7.760056274871153015e+00
1.592357031078785456e-01 7.948293354767215213e+00
9.989999999999998881e-01 7.770519840522540633e+00
2.047515480992370684e-01 7.946480883549144281e+00
9.989999999999998881e-01 7.772088607689508599e+00
3.716736413567259811e-01 7.943625743625435831e+00
8.813051176650452678e-01 7.750445416033614698e+00
3.558604811029941195e-01 7.961396324666478286e+00
7.866164585480327487e-01 7.769095348098684184e+00
1.347249517721511025e-01 7.941001206525088563e+00
3.997897021773742787e-02 7.748316768857647752e+00
4.212682918812944988e-01 7.959835769606227629e+00
9.989999999863444780e-01 7.751984642050775420e+00
3.579961117078800936e-01 7.962846621166288053e+00
5.502628788197473364e-01 7.756325136319440539e+00
4.333356933010142353e-01 7.961345625821993899e+00
9.989999999994145785e-01 7.760181297207446427e+00
3.854310077401156831e-01 7.956667451801204827e+00
9.656685483306346462e-01 7.780541081635962364e+00
3.134774735440865046e-01 7.932116649106570883e+00
3.783071888431404628e-01 7.763585052982119983e+00
4.684821473413222082e-01 7.970316833492768538e+00
9.989999999999998881e-01 7.762860664355192064e+00
3.336441716844508187e-01 7.932631890512370276e+00
2.591261050410512135e-01 7.718679830741868031e+00
4.405601758613445496e-01 7.963740309273201312e+00
6.960897314654410639e-01 7.767060713101908931e+00
2.829288976292263502e-01 7.955216299112472633e+00
9.989999862536799169e-01 7.761773147233977710e+00
3.169691230825124606e-01 7.956391724487800410e+00
4.621589885368764250e-01 7.742266886328490472e+00
2.870168061506453427e-01 7.963526226954344978e+00
9.989999999998439018e-01 7.765473403174122602e+00
2.560100949088045530e-01 7.952110267095089391e+00
9.989999987053829189e-01 7.745188330293776069e+00
2.951343864425376440e-01 7.946057795981061211e+00
3.950564381969098871e-01 7.761396606459319614e+00
1.155270230507748075e-01 7.938568457574148418e+00
5.786232732603943107e-01 7.756476392344392679e+00
3.228672533626164576e-01 7.954880503125179025e+00
9.989999999999998881e-01 7.763695111543788663e+00
3.369286838804990136e-01 7.944918678208678031e+00
9.989999925603427755e-01 7.755499907094109524e+00
4.880844600125169297e-01 7.962366608725282902e+00
9.158204892654882023e-01 7.783844547143483616e+00
2.860257093425186414e-01 7.957847325506593350e+00
6.259938211909485961e-01 7.758811807822063145e+00
2.414126213365225537e-01 7.940369458189008078e+00
6.315719164112838513e-01 7.743162880990730912e+00
1.141505638866005257e-01 7.944060802234039542e+00
4.410106769356810785e-01 7.752497198352569896e+00
4.832508500526374595e-01 7.955939298038292584e+00
4.183004363823501492e-01 7.739172911586010173e+00
2.565023243977251899e-01 7.945380322966741460e+00
8.200789530476852718e-02 7.733996104800671567e+00
2.345723102296498053e-01 7.943247649064343108e+00
8.721376313222556353e-01 7.755151696838858300e+00
2.641345453803398136e-01 7.940542812628883063e+00
4.551390719122249684e-01 7.767466350469355518e+00
2.336696577861762936e-01 7.957830097901353206e+00
9.030760698751902904e-01 7.772340722857964401e+00
2.643203506356704424e-01 7.950100202785830739e+00
9.221189397004615762e-02 7.737058195308922137e+00
2.407067815714522274e-01 7.947205939536007513e+00
9.989999999976262313e-01 7.745088963490831979e+00
3.379394089497091969e-01 7.957841237488521458e+00
3.091826589093799038e-01 7.744157001286825270e+00
2.065628405572890458e-01 7.955077039285943563e+00
4.326669345494906782e-01 7.740775934358892663e+00
1.991758337895609965e-01 7.950435746197942244e+00
5.245286474047429204e-01 7.734595350692114124e+00
6.595928043663268348e-01 7.971113133140764084e+00
5.221620542767658746e-01 7.774841003976722398e+00
1.688968404300140169e-01 7.939431500674519526e+00
9.989999999999998881e-01 7.719338194125375807e+00
2.327471915080952802e-01 7.945464384911766764e+00
1.868813438247749481e-01 7.732557885318247060e+00
2.174142215995263083e-01 7.951420598915293958e+00
9.119951254165155063e-01 7.762396846688025320e+00
6.127873857374158684e-01 7.974800741787817948e+00
4.108318736904795210e-01 7.757617474896587595e+00
2.244432850703735050e-01 7.953148014526867371e+00
4.807433081465302682e-01 7.773918333525827506e+00
1.434884485124988951e-01 7.933234147912505030e+00
7.064446799327998017e-01 7.745899906390688372e+00
2.048206133331925971e-01 7.937430523567285512e+00
7.505897399723200358e-01 7.741318945659930506e+00
9.211876131429722059e-02 7.941599214312629051e+00
9.989999999999998881e-01 7.763835101933929117e+00
1.641974818301004113e-01 7.944434627218473821e+00
9.989999922042793745e-01 7.772060437493231611e+00
1.839580487869004743e-01 7.941683119542997105e+00
9.989999999999974456e-01 7.777736232208738443e+00
2.961656164824211235e-01 7.953820104930328760e+00
9.733871361278827461e-01 7.775807729359996756e+00
4.967261091182671451e-01 7.949007986239362111e+00
3.578353101482960597e-01 7.741949685847298923e+00
1.863254370752854827e-01 7.951586812397247961e+00
6.667109795316555898e-01 7.783326488489388240e+00
3.642719416188556214e-01 7.965534188428225804e+00
9.989999999984735535e-01 7.747087819301253120e+00
3.853547308144383843e-01 7.949129731499121831e+00
2.262778778871855356e-01 7.746540528142172199e+00
4.942969185695275658e-01 7.946004140833986540e+00
9.989999999999998881e-01 7.724544794773693823e+00
2.295180553516962818e-01 7.950327575409655623e+00
9.989999984461530591e-01 7.742639651004212809e+00
3.004141992131850736e-01 7.947347316433506670e+00
9.989999906947629738e-01 7.742213216019397493e+00
1.532509854265197702e-01 7.953887633339747687e+00
7.063776643814788647e-01 7.757767488723680493e+00
2.953672563713193311e-01 7.937096256650838733e+00
5.656939720444520425e-01 7.751083965392784769e+00
1.665272531757711061e-01 7.930041943870524079e+00
1.363364673100960489e-01 7.741951632170752440e+00
1.630153571681987046e-01 7.947897253097100823e+00
5.925897154801291339e-02 7.741825626480896894e+00
1.759761540646282429e-01 7.935298776208627558e+00
9.989995813123049295e-01 7.724823452726141682e+00
2.367141558625632802e-01 7.949734484412466884e+00
5.664624784171162775e-01 7.786578570333414717e+00
2.501285928244379453e-01 7.959032536807705505e+00
8.927349689286584455e-01 7.715827198897203587e+00
3.061792301785583592e-01 7.958440039547376443e+00
7.804056152514068367e-01 7.767212888487743605e+00
2.234653796479303678e-01 7.960851501492770765e+00
8.161152145148982406e-02 7.739297843577209512e+00
3.136504318171003391e-01 7.940789638299458275e+00
4.363841714141797890e-01 7.768899979129034961e+00
5.067729281349052650e-01 7.961118146645652871e+00
4.099431094294614941e-01 7.798600940498353395e+00
3.230128285440763136e-01 7.952853530163758400e+00
9.989999999999963354e-01 7.736101446097344514e+00
4.376774284459103992e-01 7.947793866047181410e+00
1.644748127209121336e-01 7.728832183954475354e+00
2.061773967819634512e-01 7.946222179441545741e+00
1.907556653734898688e-01 7.750270031785579938e+00
8.050395068307263091e-02 7.936041564643031343e+00
9.989999999999998881e-01 7.760126177798008840e+00
2.952446643841566964e-01 7.958986002453524833e+00
3.397261520467879659e-01 7.754835280578151746e+00
2.841383131886249247e-01 7.949039274166443292e+00
3.587934583029910862e-01 7.715522585102341679e+00
2.578648843583271622e-01 7.959986902730951996e+00
9.989999748457114581e-01 7.747837571585185934e+00
3.295316196785606500e-01 7.948763368031892540e+00
9.989999998614736976e-01 7.745634266153425429e+00
1.916234279185506095e-01 7.953207061561193392e+00
9.989999999999988889e-01 7.759047108151587935e+00
2.408404884975125226e-01 7.949068201194917194e+00
3.053523600776089086e-01 7.733084241319964747e+00
2.933817072137741566e-01 7.950936111579711252e+00
9.989999999940736286e-01 7.763077127500444874e+00
1.765750649394062510e-01 7.933317164284771295e+00
5.071726012372618220e-01 7.768674151752430035e+00
2.132292145803111882e-01 7.929918229124736762e+00
9.989999999999870095e-01 7.746040338977406847e+00
3.228640068265017371e-01 7.966489277111583611e+00
9.989999999999324976e-01 7.764835873737088612e+00
4.816407940639970686e-01 7.952239973193924172e+00
9.989998123745121861e-01 7.729147751465451854e+00
5.018311172475929949e-01 7.971234885867790609e+00
9.989999999999998881e-01 7.761101809252957118e+00
3.101961969569986266e-01 7.964154958150706065e+00
9.989999999999998881e-01 7.764618271021584306e+00
3.175091868670491535e-01 7.959537693265633429e+00
7.032114341542445857e-01 7.758579904810641636e+00
2.523382465900506633e-01 7.944398609688554380e+00
7.731445729951178514e-01 7.760052469562225497e+00
3.264455045575960224e-01 7.952769174620323511e+00
3.263776977712763427e-01 7.723571246311436767e+00
2.609719618666594965e-01 7.953312663202848576e+00
2.329697642014134651e-01 7.736580869117577919e+00
3.714859601286699120e-01 7.954453454483818575e+00
8.526834198025909917e-01 7.767839081307862159e+00
2.978600711292635483e-01 7.952213302866831590e+00
9.989999999999970015e-01 7.771374595253404571e+00
5.607383325814575548e-01 7.965550489050345462e+00
7.201190394727540189e-01 7.781912361557729696e+00
2.325000715178406341e-01 7.950795130402244837e+00
7.161081102306431356e-01 7.768211694379298926e+00
5.299747731560552344e-01 7.961410835337765057e+00
9.989999999997971614e-01 7.740467260762344814e+00
2.166626548893162973e-01 7.944193902082696823e+00
4.457427357715168514e-01 7.767034625190559538e+00
2.634979657300244860e-01 7.939489323681054422e+00
9.989999999999984448e-01 7.720543187446791578e+00
2.479453020729358859e-01 7.945590547995876385e+00
9.989999999999998881e-01 7.761381338778322814e+00
5.260428346058731996e-01 7.952695508746118414e+00
5.417990614373312530e-01 7.745831648692716342e+00
4.176499547783815158e-01 7.958276766516692469e+00
9.989999999999966684e-01 7.745724200122220182e+00
3.463995709110945787e-01 7.954507929948225531e+00
6.900555220916316790e-01 7.768154779195808324e+00
4.266015599147925386e-01 7.951779881735272504e+00
4.685804708707301258e-01 7.747201415444787465e+00
2.506292799518468062e-01 7.955588436441948019e+00
8.781374801905920124e-01 7.786939817364007865e+00
7.032569186014928087e-02 7.956433903630270699e+00
3.846212775170780307e-01 7.760967239270510021e+00
3.269191994020643754e-01 7.950856621185407036e+00
9.977715610519356515e-01 7.750453080858041410e+00
3.754161728243099461e-01 7.948309122178931929e+00
9.989999999999987779e-01 7.747958991010348129e+00
1.579511376544247003e-01 7.942761874324403060e+00
9.989999999999997771e-01 7.774918511147065558e+00
3.137730866577571609e-01 7.945576538464656835e+00
7.402962781236765988e-01 7.767309817231148550e+00
3.721787218104668504e-01 7.961331722088321072e+00
9.989999972114707028e-01 7.768502205438969632e+00
4.036957242707969740e-01 7.959990460449114735e+00
8.141220761039904552e-01 7.753362234485905446e+00
3.585939896572202246e-01 7.948450057633774435e+00
8.807428821434348798e-01 7.788817771152489300e+00
1.440723513056599292e-01 7.947141556303589205e+00
3.909177652227176503e-01 7.761071633542980130e+00
7.250106381735201000e-02 7.932894328394309191e+00
2.205109162313135807e-01 7.736881001855540951e+00
3.846012665015464682e-01 7.958788949844421978e+00
5.399399065701215861e-01 7.756254703516397342e+00
3.901169713657640647e-01 7.953866443573566869e+00
1.573067290714864896e-01 7.734138133711609520e+00
3.491114379588026728e-01 7.960124630817488445e+00
4.922659700573167596e-01 7.753979494405477624e+00
3.186162712004677600e-01 7.948097202716480680e+00
9.278726172583664500e-01 7.779365109945750589e+00
4.065355914223965916e-01 7.943491026472172756e+00
6.882660108058024084e-01 7.754393270919000436e+00
2.328250539444798317e-01 7.953165625814526685e+00
9.989999982176565041e-01 7.727512412238748851e+00
2.001309839516960676e-01 7.934322868394051653e+00
9.989999999999812363e-01 7.761641696053906081e+00
3.595419204309470707e-01 7.945136097780790330e+00
5.749472306766134633e-01 7.730432180369882111e+00
2.568436726102982792e-01 7.944395132334327592e+00
4.263779322609942413e-01 7.762148001657569907e+00
3.513340151981618753e-01 7.930400549363075591e+00
9.989999999995531343e-01 7.751929583395377854e+00
3.030009539825125331e-01 7.945979699577384814e+00
9.989999999989790380e-01 7.744478733744821319e+00
2.596695583426916754e-01 7.953191567210116553e+00
9.989999999999998881e-01 7.750141437796750132e+00
9.755046856242287345e-02 7.923199835446451011e+00
5.682823773497196473e-01 7.777029277761514869e+00
1.335365062551415183e-01 7.951944871679637039e+00
9.989999999999995550e-01 7.775858944193540623e+00
4.498320927863092566e-01 7.953100730101711591e+00
9.989999999999998881e-01 7.748461907226483092e+00
2.510993506660338936e-01 7.944479472602202996e+00
5.494191359912322659e-01 7.774945465288427116e+00
4.678775152779466318e-01 7.951889773009779283e+00
3.812370837830630355e-01 7.754796178234152570e+00
3.566634915245193160e-01 7.960406718790348002e+00
7.060711977707399001e-01 7.713136297144481901e+00
2.477114500893214111e-01 7.934749580279712333e+00
9.251870358801506100e-01 7.753764986375145440e+00
1.320258790361998058e-01 7.927497170433287721e+00
9.989999999966582278e-01 7.747618858264385011e+00
2.230075265767882398e-01 7.943202135156435695e+00
9.989948168650242266e-01 7.792597218041382057e+00
3.614157605157062858e-01 7.948821818703159181e+00
4.988536726868432192e-01 7.757202044415793196e+00
4.309466156728615216e-01 7.950974469241230302e+00
9.989999999999991109e-01 7.725670446261603708e+00
2.401161473805928925e-01 7.947519744617255633e+00
3.771764849610030335e-01 7.730746150125409777e+00
3.728053238786567247e-01 7.945154992724627441e+00
9.989999999751577597e-01 7.772265997259665937e+00
1.842703010821654108e-01 7.950501714362982142e+00
9.465586774209080456e-01 7.789931964243832496e+00
1.437994030891699138e-01 7.924843395214118402e+00
2.784430695986258586e-01 7.740615346848441547e+00
3.672437435103965697e-01 7.954090192886313027e+00
4.112818238874443311e-01 7.749143881125299949e+00
3.836850523436272087e-01 7.957236946208791295e+00
7.100329300206228433e-01 7.772140279943994479e+00
2.711775808603111293e-01 7.952259841911478055e+00
5.198681958113366974e-01 7.735681120707806002e+00
4.189388645123726662e-01 7.961001225735714115e+00
6.200291756541000954e-01 7.749802587248358243e+00
2.889178943886418494e-01 7.948704968796871384e+00
9.989999999999998881e-01 7.711454432162973660e+00
1.072716180466599112e-01 7.934454902258683440e+00
9.989999999999998881e-01 7.785580325594628981e+00
1.047731791383856720e-01 7.948285402526808596e+00
4.738719760906209277e-01 7.730600611926966792e+00
2.777158632277204608e-01 7.965124369850285824e+00
9.989999999940021302e-01 7.751384711344807776e+00
3.009126091359567434e-01 7.941693261495206713e+00
9.989999870879797683e-01 7.778014745344504099e+00
3.727062130510744864e-01 7.958520212846571518e+00
7.597788636494453574e-01 7.785653800555988546e+00
5.291660941873145285e-01 7.957896196297475910e+00
4.867679269066799153e-01 7.781214492883023581e+00
2.076331499608769504e-01 7.951746216960293268e+00
6.039048277720833191e-01 7.763765563324565910e+00
4.108816325323963459e-01 7.949741196706133550e+00
3.651708806871630797e-01 7.754780054611041251e+00
2.498721470173412007e-01 7.943439988318258038e+00
6.891986356510912959e-01 7.785111146308683061e+00
4.309822713719860809e-01 7.953767150778861428e+00
9.989999999995609059e-01 7.751892824318901809e+00
2.416112007392369754e-01 7.955881840249073633e+00
9.989999999999998881e-01 7.729821246613130192e+00
2.719175782699781441e-01 7.935851872726925826e+00
3.615869124757507547e-01 7.733469743149501419e+00
1.503008088741181469e-01 7.935234140814990234e+00
5.433881396658090113e-01 7.772519430025707443e+00
1.194218958337808223e-01 7.950917869034515917e+00
9.989999999999998881e-01 7.766037501449848612e+00
2.755640977368757349e-01 7.954300733977591520e+00
3.517256890019188065e-01 7.739099812871094386e+00
3.329606525113901205e-01 7.961927490181300193e+00
9.989999999999998881e-01 7.779927879673971702e+00
3.779322154526383315e-01 7.953379534801158002e+00
6.685884810684189494e-01 7.779751306920135612e+00
4.106075071155148581e-01 7.949684739154984747e+00
3.379269766388226515e-01 7.744357352976603437e+00
2.269644824358654500e-01 7.951866689082940809e+00
4.176919791137813087e-01 7.758304271690082743e+00
2.104642422115116096e-01 7.936575926072377385e+00
5.935717831565778813e-01 7.783796339346407578e+00
2.641571927567094025e-01 7.948995610557801683e+00
9.989999957360106153e-01 7.755149618145289914e+00
5.158630004023825322e-01 7.972835249846000671e+00
5.177492305391471206e-01 7.749874825830090685e+00
1.962441350577786014e-01 7.936902666680387242e+00
8.297524562860804087e-01 7.741562836310727391e+00
5.101922972378214460e-01 7.955129008239310018e+00
9.989996612677125576e-01 7.737676259076160967e+00
4.809268134561671126e-01 7.952662107602245456e+00
6.729577733239028303e-01 7.727555615907519382e+00
3.599429308077244927e-01 7.960315078190623339e+00
9.989999999714641588e-01 7.747976796659334475e+00
4.658321799265903729e-01 7.952644900702482644e+00
4.796154172486530864e-01 7.737339961478745920e+00
4.137634760247762000e-01 7.956921628066370822e+00
7.129872262208695188e-01 7.758009179392002075e+00
4.917234044548114968e-01 7.936375955545686089e+00
5.520803042542382633e-01 7.745466608811574005e+00
1.750896891122356303e-01 7.942295196050099371e+00
9.989999999999998881e-01 7.777847100877703035e+00
3.453436580307656101e-01 7.956881323364751957e+00
6.417929697719685356e-01 7.767549386333714168e+00
1.695318939675566627e-01 7.962291760660306750e+00
9.989993820733290564e-01 7.732251458123143628e+00
2.846502346643869918e-01 7.933516321275357441e+00
5.049561193045023488e-01 7.746027696143036323e+00
2.786153170620517816e-01 7.944006819077052306e+00
5.886111406421348224e-01 7.774998374573605098e+00
3.110507286078164624e-01 7.958603470682514391e+00
4.191754609896990447e-01 7.764569028806604045e+00
1.142836034029582476e-01 7.934735869331629665e+00
9.989999999999998881e-01 7.732873790813417081e+00
1.781436624908646071e-01 7.950349650056003803e+00
9.989999999999998881e-01 7.780296973703618058e+00
2.502082413949532347e-01 7.950038892602273144e+00
9.705046836264985544e-01 7.767696010381924587e+00
3.766144583986129613e-01 7.953084083234359447e+00
9.989999999999474856e-01 7.703187538603750717e+00
3.920847985419427806e-01 7.953111549854027018e+00
7.466903427959916684e-01 7.777855817106177128e+00
1.304440553302288752e-01 7.958962241230597812e+00
9.989999991065166007e-01 7.776588390636031356e+00
2.382382525351710856e-01 7.939520895333028960e+00
5.844234692646494977e-01 7.747232821609937758e+00
2.493311897050120851e-01 7.946185692367451203e+00
8.396367678841269999e-01 7.788019372782144067e+00
2.667563440512517037e-01 7.953856143045108240e+00
8.042152989224574666e-01 7.753774480695249771e+00
3.360580169771700265e-01 7.964858254217098477e+00
3.833364796728937485e-01 7.769061737797167133e+00
1.398014382107433951e-01 7.953725800881899843e+00
9.989999999964822575e-01 7.746669648721253409e+00
3.458924236642020311e-01 7.940663523277851077e+00
5.184328653266643272e-01 7.737560140966523115e+00
4.070137040420055974e-01 7.975107253627505166e+00
9.989999999999998881e-01 7.722020363162577006e+00
4.213013622853869489e-01 7.949577060258826045e+00
5.691333163121018446e-01 7.760269868934275728e+00
3.781019225085390234e-01 7.969849696548230611e+00
7.419314564977324000e-01 7.724732666573907558e+00
2.242896833371913479e-01 7.940233461512381297e+00
8.058164612651323999e-01 7.773553193725728505e+00
2.045839604977421067e-01 7.943727379154142731e+00
5.277880873440182752e-01 7.723083125585246123e+00
2.204824238367169009e-01 7.945991869482567971e+00
5.587217960900747737e-01 7.762447327364562000e+00
3.588244360008517320e-01 7.964681784757001282e+00
9.989999999946357345e-01 7.745584930150714698e+00
2.294865545734601775e-01 7.932815490859499441e+00
3.491196775815209041e-01 7.760952663306770916e+00
3.855805085487494233e-01 7.950187623682658078e+00
6.226329112385900477e-02 7.746711563682376678e+00
2.026539902384199565e-01 7.939754481673845454e+00
1.335222840136553873e-02 7.719105517990318077e+00
2.716138487333128460e-01 7.947844696640530060e+00
4.807662521490934093e-01 7.740655484995906832e+00
3.000362959116706918e-01 7.962525447116047594e+00
6.754199714816097044e-01 7.788209251522561161e+00
4.000753446219200704e-01 7.959063356305931869e+00
9.989999999999998881e-01 7.777262093496846163e+00
5.690597463154412061e-01 7.959719458965953898e+00
2.639021464640444181e-01 7.747072717969122557e+00
4.054986210137840885e-01 7.952598746383920059e+00
6.216917966865239675e-01 7.741180940367605068e+00
3.710884618264658763e-01 7.957507287409320895e+00
4.738936583481730969e-01 7.740050831539045717e+00
2.470995745736357385e-01 7.951750974851275799e+00
6.757206580072364632e-01 7.775845720013468743e+00
4.097521616303435588e-01 7.956018546235044120e+00
5.034643760943857682e-01 7.716857615318185815e+00
3.609888454671110192e-01 7.953253437965656758e+00
9.989999999999998881e-01 7.793897439291178841e+00
1.846790733849803523e-01 7.939173718964153359e+00
6.400876723718719186e-01 7.764336215570975419e+00
2.724873972017065049e-01 7.957334086658435446e+00
7.467094393944390118e-01 7.763015769376885977e+00
1.902536148906498470e-01 7.946789349039863559e+00
1.677012470825585133e-01 7.716616298335494228e+00
4.355706466393268750e-01 7.962796589910535516e+00
9.989999999999998881e-01 7.764301215010557478e+00
2.176698325486255831e-02 7.955005229807873945e+00
6.137518173654949588e-02 7.738771370756523105e+00
2.786729397258467800e-01 7.957262077035792025e+00
5.572854943210903134e-01 7.767713357760478665e+00
1.694810828061219798e-01 7.946853617619447974e+00
5.915158064100870527e-01 7.780833168067249339e+00
4.608222508036786125e-01 7.966047741299392193e+00
4.965911283079481042e-01 7.756161280408865544e+00
2.573042120970328028e-01 7.948807825322383280e+00
4.509552629864059248e-01 7.756972754196771902e+00
3.821036333682578667e-01 7.945878337441653727e+00
9.989999937080928927e-01 7.776590413275782154e+00
5.801765688505891028e-01 7.966113427690840076e+00
5.659729601033485213e-01 7.770289749217597297e+00
1.938865118797411524e-01 7.963515987785784844e+00
7.773703052659484136e-01 7.726010140099774937e+00
3.450976582683896177e-01 7.950133009595336198e+00
5.122024250750640828e-01 7.750661437155056177e+00
2.984669087219315453e-01 7.952763692820251862e+00
7.789569577448701709e-01 7.774737627082431324e+00
3.529809347892363114e-01 7.943024723511078022e+00
5.291656796171080313e-01 7.779765648615569518e+00
2.348265162920677440e-01 7.957158496416716353e+00
9.989997379364915497e-01 7.753055188636858830e+00
2.254133042795891939e-01 7.964184971678951896e+00
9.989999999999915614e-01 7.755921757313140930e+00
1.107354468660337182e-01 7.931747216191616268e+00
3.635907509645429081e-01 7.732871728314003157e+00
3.071945874010891808e-01 7.956442361951639342e+00
5.232335715409694998e-01 7.744584575100841306e+00
2.750223232684658736e-01 7.933550662705781242e+00
4.533722169938895208e-01 7.759600862147767231e+00
2.068240905670551133e-01 7.944728847295456475e+00
4.244876390379703768e-02 7.718175176832949624e+00
1.469021568424312696e-01 7.937939935327148255e+00
1.385704894524878439e-01 7.721821996111080111e+00
2.907061274937840500e-01 7.947897222210168700e+00
8.393364593696740483e-01 7.760415961245052507e+00
2.705053280105341740e-01 7.943732793037066919e+00
8.482677517273699008e-01 7.755982893467201933e+00
4.416605688955561604e-01 7.948810518109452161e+00
1.578442834258757255e-01 7.729820705932251457e+00
4.868187695251211533e-01 7.960607188437800907e+00
4.210195109932372004e-01 7.735457925924557721e+00
2.474771350520051649e-01 7.947295754764332365e+00
9.989999999999998881e-01 7.742572951824003624e+00
3.857532403210850447e-01 7.960136031431173542e+00
7.117940063019917440e-01 7.747781021749730712e+00
2.463244986558485450e-01 7.947616705287386729e+00
6.404450177259308763e-01 7.750495409686545045e+00
2.306494956247713835e-01 7.947068547899038826e+00
4.528788456352726977e-01 7.751690140332360812e+00
4.313304058495446430e-02 7.941321211391482393e+00
3.088029974570312697e-01 7.740762677403523639e+00
2.391040787823875136e-01 7.951525707551366118e+00
4.988886246289485071e-01 7.733791557444319231e+00
4.542019021093598452e-01 7.958539359510657718e+00
9.989999999971823641e-01 7.767686494515992912e+00
1.371116727403994817e-01 7.942951686707827363e+00
5.256337159677658688e-01 7.779061012803835773e+00
3.491960216308174214e-01 7.946977619905725376e+00
7.887129650346351717e-01 7.762679133444061463e+00
2.866729562507445705e-01 7.960660086201161612e+00
5.769910114556310310e-01 7.752823743234906750e+00
1.680418156035194954e-01 7.965680379767495545e+00
9.270775911771274025e-01 7.779787647809981443e+00
3.399765887420527211e-01 7.951248929053400083e+00
9.989999999994216839e-01 7.743802966578074987e+00
3.526748521652752766e-01 7.960063425326145747e+00
8.202547920195507603e-01 7.771399339251320981e+00
1.864789394248153043e-01 7.949900455679768996e+00
4.172361484870795723e-01 7.757187260735806333e+00
1.383504422297189007e-01 7.938217663706906180e+00
9.989999999998085967e-01 7.763730370917286905e+00
3.008906147561012379e-01 7.964060031619837332e+00
7.737307131959937356e-01 7.772265757653503471e+00
3.072583997120849064e-01 7.949148230811060145e+00
2.798462909509629171e-01 7.741795402689790606e+00
3.538710186612089026e-01 7.955857670131726955e+00
4.481606824419452906e-01 7.746872787820114681e+00
3.074352135721216683e-01 7.947882671233169383e+00
8.470891507970124135e-01 7.749677659707288946e+00
7.748235843999327910e-02 7.945644219704825595e+00
6.584832327944528663e-01 7.752773942326092182e+00
9.712812186590170926e-02 7.940892332052238878e+00
9.989998090526058805e-01 7.793043184399162548e+00
3.298291634030264818e-01 7.960340899061348452e+00
4.691528115988820025e-01 7.727322241942828462e+00
4.838176794938250924e-01 7.961644458978780925e+00
4.431531009949393751e-01 7.758153473954907398e+00
2.501418284475253606e-01 7.941800613977139989e+00
7.681558544930050525e-01 7.745190906295777111e+00
1.314536954211735775e-01 7.944818464145793513e+00
3.011047655191835815e-01 7.766334736414125750e+00
4.784273918096921263e-01 7.954265236744443968e+00
6.055327226824048781e-01 7.747214438231520894e+00
8.474796568824299881e-02 7.957340533724519105e+00
9.989998059034455036e-01 7.755674089194384280e+00
2.116916600690701422e-01 7.947071565269888893e+00
3.906759275951841026e-01 7.759807305092715879e+00
2.883472515221792154e-01 7.946305349447253974e+00
5.196883362000238593e-01 7.735918369693641772e+00
3.469188281405193308e-01 7.938631316457403386e+00
4.328390768556545920e-01 7.726239137588325256e+00
1.703999656387181205e-01 7.953968093043930487e+00
6.059888544642929586e-01 7.761633433530584547e+00
5.074797473149880167e-01 7.955989487635116930e+00
9.160808365199498704e-01 7.769939634068965262e+00
2.802020111312446549e-01 7.949751326919606065e+00
1.690191298564089617e-01 7.747541691262050279e+00
4.791203831084137055e-01 7.966253841139698366e+00
4.210052784238575985e-01 7.780031594829041275e+00
4.352500472019106836e-01 7.954482227742585287e+00
9.989998938853470456e-01 7.753036295801955191e+00
2.014060622430082770e-01 7.939089921432425534e+00
7.149653407683862483e-01 7.754622117310630003e+00
2.855591201890459452e-01 7.952304146316444111e+00
2.507324463400270598e-01 7.744301602463203871e+00
1.227955523557543727e-01 7.937003313434490614e+00
1.812816467030040068e-01 7.769640573014464202e+00
4.736267204628240579e-01 7.961055634886806232e+00
1.890900919254004109e-01 7.725949725138945290e+00
3.300045122945016174e-01 7.941451121595157758e+00
3.722062468654355194e-01 7.725495804436819824e+00
9.647584423932231701e-02 7.949035777772619937e+00
5.724532228149190605e-01 7.784865767309283591e+00
1.946893369192794487e-01 7.942104895965536926e+00
9.144327776049527845e-01 7.752924759723545556e+00
2.709296149341466342e-01 7.955183918946469923e+00
2.255087207441270891e-01 7.735436748081242264e+00
9.065855473850505108e-02 7.921204138125202299e+00
8.086515894487840139e-01 7.759944839234743874e+00
3.951329798196627219e-01 7.949189907201041905e+00
6.258279402009083725e-01 7.764076594718625657e+00
1.465189245930834383e-01 7.949674946498643813e+00
9.989999999999998881e-01 7.713741415979074034e+00
1.419163897978403255e-01 7.950480737258021513e+00
9.095431835738280180e-01 7.774708693678258342e+00
1.639296924828836377e-01 7.943179272349514264e+00
4.723567824789274838e-01 7.756621677803845927e+00
3.222115182986202697e-01 7.944453215388505463e+00
5.556415395287140901e-01 7.770002267215011749e+00
4.799853231513809826e-01 7.962869966786232823e+00
8.398651049127658919e-01 7.749555314650542037e+00
3.105120814397210882e-01 7.950267137016580499e+00
2.054227902257849681e-01 7.749548059448966519e+00
3.034526264955378916e-01 7.941799419320421549e+00
6.531209384008901386e-01 7.763309842816306094e+00
3.571582788732196589e-01 7.951988225513987985e+00
9.989999353190665010e-01 7.767426523564554763e+00
2.067033929628017686e-01 7.948959381281238912e+00
3.774980120012662588e-01 7.738087463831905488e+00
3.157638397236131600e-01 7.961146065864644683e+00
7.206119271237719781e-01 7.782905092952084658e+00
7.817074510751619021e-02 7.947346587414928720e+00
9.989999999999998881e-01 7.762634873242483025e+00
3.891673643806770611e-01 7.942476298168645421e+00
9.989999999993506297e-01 7.772456874608701050e+00
4.833401337663264519e-01 7.967697977296729128e+00
9.989999999999960023e-01 7.773870377612696281e+00
1.741229045387006694e-02 7.929503088906949770e+00
9.188730076629039178e-01 7.786892283712386842e+00
2.924185562855160514e-01 7.947199948200008635e+00
9.341737620070404979e-01 7.764861412241367944e+00
2.824132766421073581e-01 7.941419842446197919e+00
3.643616129188920194e-01 7.732869081584044402e+00
3.617676542167729825e-01 7.970383030034490446e+00
2.516302436046804480e-01 7.737982514690536107e+00
4.020981576319153095e-01 7.966480527652805677e+00
7.082027999954515485e-01 7.744197793158542176e+00
2.249407554766038597e-01 7.959458800132820144e+00
9.989999999999998881e-01 7.778146297341051785e+00
1.530470318266396179e-01 7.944892091361968944e+00
7.593259866708338413e-01 7.753513805328279496e+00
3.741047795713090540e-01 7.949173605172736856e+00
9.989999999999998881e-01 7.754339162317932299e+00
1.142785781583839921e-01 7.949600683038688054e+00
9.989999999999853442e-01 7.762435587667797066e+00
1.073757112754801790e-01 7.938135370259755241e+00
9.989999999999998881e-01 7.763790805936275241e+00
3.518469656899762543e-01 7.945842086598373655e+00
3.434001300699809911e-01 7.731967967480445125e+00
5.609571365393716258e-01 7.961453001039761723e+00
9.989999999999971125e-01 7.766857805936875359e+00
2.042630145889252902e-01 7.949648634791854462e+00
6.178781490655477215e-02 7.725223078253719677e+00
1.428663574843602735e-01 7.942028370304185181e+00
3.622239765997377625e-01 7.753198652906975852e+00
3.547298462245782602e-01 7.949998028045436982e+00
3.297796405170130285e-01 7.782634921999612487e+00
1.582020258953285852e-01 7.943157727708351601e+00
7.044290790935832103e-01 7.759120682276496872e+00
1.826292353643795829e-01 7.952290601004804671e+00
4.947830610341474311e-01 7.767903226972440400e+00
4.649787355643907327e-01 7.963416722149764482e+00
9.989999986967788015e-01 7.779595139254503522e+00
3.622266959983730383e-01 7.957761180947598767e+00
8.362320628870745232e-01 7.768184638509455731e+00
9.100423235152134416e-02 7.944388226144144305e+00
5.384227813515574113e-01 7.720645161859037486e+00
2.517585401462004158e-01 7.948305534803139949e+00
9.989999999999998881e-01 7.766281134774232875e+00
2.701203906098470497e-01 7.933323443983012702e+00
9.362119803901863824e-01 7.767301545098393767e+00
2.411572025204214986e-01 7.939112734917014080e+00
9.989999866381668037e-01 7.776451341029458675e+00
1.359153196201546565e-01 7.951087195657595252e+00
9.989999999999998881e-01 7.728129851820709106e+00
1.376741413400434377e-01 7.936832932927298856e+00
6.654206008494164548e-01 7.767537519377534672e+00
9.987337541459367918e-02 7.943516442884778428e+00
5.784919600273978890e-01 7.781260135855569082e+00
5.559841661026047044e-01 7.963010059401867125e+00
5.288921347113881843e-01 7.716708041638608684e+00
3.344227772627774709e-01 7.967534120734861780e+00
3.708851024387830320e-01 7.761144478111662970e+00
2.719735344462229087e-01 7.956443855234349272e+00
8.786761093005451828e-01 7.779830099489512207e+00
3.337196152747474165e-01 7.948896297807135802e+00
3.433570659539202374e-01 7.771025296282438433e+00
2.933448652689533143e-01 7.945894757761546856e+00
8.187430166144341603e-01 7.777758659222968163e+00
3.467073177768031367e-01 7.956214200983308338e+00
9.989999999999992220e-01 7.767454603215309561e+00
2.761428906541910089e-01 7.951490730752798441e+00
9.989991937661284460e-01 7.751394909983975623e+00
4.325280849055170296e-01 7.952325398373911725e+00
9.989999999999995550e-01 7.750227710273945192e+00
4.667761698002623749e-01 7.955206547219531465e+00
4.726864126610812455e-01 7.756091048045838932e+00
3.175282726576378889e-01 7.952221217666839870e+00
4.667355992386594821e-01 7.729547626394055015e+00
2.791645940383596924e-01 7.958038155512264566e+00
4.553197233163608360e-01 7.771257486068583020e+00
1.773217650563702341e-01 7.944191606157223973e+00
7.525257311021138484e-01 7.773023327876019017e+00
3.659978587967976371e-01 7.955184578005340512e+00
9.983428987562358303e-01 7.760833153919687533e+00
4.159839456293982218e-01 7.968410280350255448e+00
5.157478064539425811e-01 7.754417038997219791e+00
