2.179670653813127745e-01 7.947359073551156783e+00 9.989999999961676203e-01
9.989999999912801965e-01 7.732154401569022006e+00 4.963420955104781984e-01
2.981732158692747547e-01 7.947376678965219376e+00 9.989999999994313429e-01
9.989999998859636632e-01 7.783192069684970349e+00 4.979577809822095524e-01
4.516042911174971142e-01 7.957650521192115356e+00 9.989999999999914504e-01
1.539065367539730611e-01 7.755702063215884401e+00 2.837202473700186633e-01
4.577201240086046230e-01 7.947435607305422423e+00 9.989999999999388258e-01
9.989999999999998881e-01 7.769941482074237626e+00 1.000000000000001105e-03
6.483913580381625019e-01 7.929349442603863984e+00 9.989999999310489320e-01
9.989999999999731317e-01 7.762973164204449716e+00 7.687382244971587841e-01
9.989999999996096447e-01 7.954844304731745197e+00 9.989999999999998881e-01
5.989242805067352959e-01 7.752775505091759278e+00 1.000002080384240332e-03
2.479022776646006010e-01 7.937172183039575835e+00 9.989999999996120872e-01
9.989999999718955914e-01 7.755108649521722519e+00 8.912832351990598312e-01
4.720567809370470602e-01 7.946161533987188719e+00 9.989999998741062592e-01
1.563450247628275780e-01 7.735469683527457896e+00 1.000002035100876468e-03
9.629779038029294691e-01 7.955781948534885295e+00 9.989999999987217993e-01
9.989999999991089341e-01 7.733992137882587770e+00 4.819680662875789334e-01
9.867043839838669506e-01 7.959351940490821065e+00 9.989999999596461677e-01
9.989999999989792601e-01 7.771657168404970228e+00 2.818479431892514930e-01
7.090191210813902023e-01 7.953175455181312969e+00 9.989999999835340594e-01
7.171628937117237035e-01 7.747661671055305455e+00 9.989999986608036897e-01
6.431216955514029721e-01 7.952628829874062610e+00 9.989999999999231717e-01
9.989999999994046975e-01 7.762429167788163831e+00 1.000000000000238112e-03
3.147302468415548726e-01 7.928339197384775439e+00 9.989999996336288435e-01
9.989999999994795266e-01 7.758319952722170676e+00 1.000000267998857719e-03
3.648824150010536171e-01 7.941602005854647039e+00 9.989999999999956692e-01
5.311642737176209828e-01 7.748252396152041754e+00 9.989999999992644764e-01
9.989999998693313010e-01 7.963658831222090839e+00 9.989999999999998881e-01
9.989999999980995193e-01 7.748855408955875212e+00 9.444991482300378882e-01
7.945341444210483051e-01 7.939556727109161827e+00 9.989999999984631174e-01
9.989999999999998881e-01 7.786979045686890366e+00 1.000000000000022789e-03
9.397753355091087446e-01 7.960392048450811942e+00 9.989999997275236243e-01
9.989999855261796347e-01 7.720332757811318558e+00 8.308130984253926377e-01
7.700114940488245185e-01 7.960431915022926574e+00 9.989999999999883418e-01
8.185460934986663606e-01 7.787718215406584932e+00 9.989999999999995550e-01
6.874379017581210283e-01 7.947390092713446208e+00 9.989999999973165901e-01
9.989999999649441520e-01 7.773787454758330995e+00 4.512248843794567366e-01
7.696639231056269237e-01 7.957408439887466933e+00 9.989999999996584945e-01
1.000000001885832440e-03 7.712578650902844224e+00 5.452005307917293653e-01
6.677761016237947489e-01 7.952988549081105418e+00 9.989999999986931556e-01
9.989999999977262624e-01 7.737169266944480484e+00 1.000000000058599630e-03
9.983015022050433229e-01 7.963350277676217281e+00 9.989999999999998881e-01
9.989999558857264317e-01 7.764077537589114009e+00 1.000593035548507856e-03
8.527376848624949046e-01 7.963161640911314620e+00 9.989999999990610835e-01
6.652625501456986834e-01 7.748658600027145127e+00 9.989999999998887548e-01
6.072773891491453080e-01 7.953836832331673712e+00 9.989999999826187915e-01
9.989999999999998881e-01 7.749106794841658541e+00 1.000000000000003490e-03
6.280627873093601599e-01 7.952639074305705158e+00 9.989999998618074306e-01
9.989999999999998881e-01 7.775455519185138442e+00 7.180396544797532643e-01
3.249108935944973742e-01 7.937752076382113664e+00 9.989999999617527049e-01
7.024486952736979095e-01 7.768897485938701664e+00 9.989999998636418521e-01
5.032062087272987094e-01 7.950044653886887858e+00 9.989999999999997771e-01
7.981057293151769816e-01 7.771674308064502767e+00 9.989999999583449863e-01
5.135047067192808345e-01 7.952074138197503750e+00 9.989999999999998881e-01
8.758272205520500897e-01 7.749284154371874678e+00 9.989999999993230961e-01
9.854125588697159044e-01 7.962175742226356157e+00 9.989999999999721325e-01
9.989999999997671853e-01 7.746291551217344029e+00 9.989999999999998881e-01
7.141501756459897043e-01 7.955354397989714776e+00 9.989999987602593556e-01
9.662995496135040607e-01 7.759293595770542673e+00 9.989999999999996660e-01
6.113647890491424874e-01 7.938520808633495740e+00 9.989999999999998881e-01
2.262737374182517414e-01 7.756947673730143045e+00 3.766028694777686092e-01
3.767875861238693114e-01 7.956169051397518288e+00 9.989999996720771991e-01
9.989999999996647118e-01 7.747292847602120780e+00 9.989999745864519554e-01
9.989999918867927819e-01 7.958313418871791889e+00 9.989999999999998881e-01
9.989999999990435420e-01 7.756564038789166560e+00 1.000000190825350984e-03
3.265369916028681430e-01 7.939703011237463137e+00 9.989999999988686818e-01
1.904934179088270674e-01 7.701394690892740869e+00 9.989999999999913394e-01
4.651748288203919612e-01 7.953217371277264469e+00 9.989999998317644625e-01
9.989999974462082655e-01 7.753393147098468496e+00 9.989999999999993330e-01
6.650052803038067895e-01 7.956849329903358914e+00 9.989999999999998881e-01
1.000000010665263181e-03 7.724899042587880515e+00 6.101091537469104376e-01
5.895068811983658064e-01 7.936125098830208557e+00 9.989999999998485647e-01
9.989999988753632820e-01 7.740597166211379943e+00 5.949277964269259478e-01
8.948645698953714422e-01 7.949002636893057527e+00 9.989999999999993330e-01
2.789623412730956042e-01 7.773878739600949217e+00 1.000000005021639375e-03
5.253616506800006247e-01 7.950393588483500196e+00 9.989999999998904201e-01
1.000001580563358817e-03 7.744441023059469131e+00 1.000255033742653661e-03
9.989999999999988889e-01 7.961967779376839971e+00 9.989999999999998881e-01
1.000000083086130878e-03 7.747978836126509172e+00 1.000016810521314834e-03
9.989999402937645989e-01 7.945462489587070465e+00 9.989999997931515718e-01
6.590542682207455039e-02 7.747933817337328222e+00 1.000000000000000454e-03
8.442699383965391879e-01 7.961524415861173765e+00 9.989999999988695700e-01
1.000000000001628059e-03 7.753669912280921395e+00 1.912063171258962802e-01
1.619527727693607366e-01 7.957012023110945798e+00 9.989999999914733753e-01
9.989999999999998881e-01 7.750879627062079891e+00 1.000000000000004791e-03
6.596936928351370133e-01 7.960038061907100726e+00 9.989999999999985558e-01
8.207191618258726784e-01 7.754700873999636812e+00 9.989999999999972236e-01
3.198485268669567505e-01 7.947713109094844519e+00 9.989999999999985558e-01
9.989999994466208788e-01 7.770207951556640680e+00 4.716439244776072792e-01
2.925062917738559531e-01 7.941272094207633359e+00 9.989999999993126600e-01
8.898183833895364492e-01 7.755994268969852889e+00 1.000000000030563030e-03
4.997678453557246048e-01 7.937784908775372017e+00 9.989999999997188906e-01
9.989999999999998881e-01 7.759985398787535793e+00 1.000000000000009345e-03
6.688649457507861440e-01 7.948492703298358109e+00 9.989999999212840764e-01
9.989999998569671913e-01 7.761862544793985741e+00 4.456766999621728509e-01
5.579560277840384108e-01 7.938398019617057599e+00 9.989999999999998881e-01
9.989999022301914167e-01 7.776327920652469139e+00 1.000052978826350024e-03
6.158171985025240325e-01 7.945521229898385052e+00 9.989999999244298934e-01
5.625836910396639912e-01 7.760460188535109438e+00 9.989999976278780558e-01
6.961775579844102779e-01 7.951235033955097897e+00 9.989999999996418412e-01
9.989999999999166214e-01 7.785484269134653523e+00 1.000000842747723840e-03
9.312550579374615500e-01 7.946742854081253249e+00 9.989999997984110314e-01
3.242076487159507581e-01 7.724786603661821793e+00 9.989999770080394415e-01
4.749318610156745279e-01 7.958000364120541015e+00 9.989999997355982764e-01
8.211142384769031244e-01 7.742971816150006958e+00 4.039162026807855965e-01
6.479500827012423247e-01 7.949081275163625726e+00 9.989999999999998881e-01
9.989999999987221324e-01 7.758729501178262211e+00 1.000000000444848172e-03
6.111064197677898990e-01 7.950058735417938394e+00 9.989999999661633989e-01
9.989999999964204180e-01 7.753914419843920491e+00 2.345953470857593537e-01
8.671757991478754590e-01 7.954866694036269337e+00 9.989999999999996660e-01
2.326029026099528940e-01 7.698111925251664545e+00 9.989999990305127309e-01
6.068622163251019552e-01 7.945489050565941014e+00 9.989999999930752050e-01
9.989999999874203951e-01 7.761474059155851535e+00 9.989999999999882307e-01
7.068632660853114702e-01 7.956267210875744844e+00 9.989999999999997771e-01
6.410929133791332113e-01 7.756233356161129855e+00 1.000000000000008044e-03
5.485258146923378542e-01 7.951267649143048288e+00 9.989999999999953362e-01
9.989999999999836788e-01 7.720799730459730448e+00 1.000000000002102723e-03
6.783481415837855355e-01 7.945872307125703138e+00 9.989999998732844722e-01
9.547799152020794988e-01 7.746155092183076185e+00 9.989999999954226606e-01
8.396842468301403128e-01 7.947969844402713591e+00 9.989999999997148938e-01
4.768627378604274880e-01 7.779003551838441943e+00 1.000002881487168684e-03
5.583797879242642370e-01 7.948649815940507679e+00 9.989999999999963354e-01
3.934669343360702176e-01 7.774754739957062455e+00 1.000000060120731765e-03
2.774675146916882884e-01 7.947179577952364404e+00 9.989999999995385904e-01
8.991740653507246384e-01 7.775113065247892585e+00 9.989999999666550057e-01
7.782987415710361789e-01 7.949818681110612850e+00 9.989999999999995550e-01
9.989999999991707735e-01 7.747527195929587052e+00 5.957885945597853894e-01
9.477090108795763745e-01 7.949046253471485635e+00 9.989999999999868985e-01
9.989999475708396526e-01 7.773371248155184432e+00 1.000000085437934959e-03
5.554883155818221008e-01 7.944845227341279070e+00 9.989999999999988889e-01
9.989999999999586988e-01 7.759663459998341395e+00 9.989999999999998881e-01
3.098153980133034335e-01 7.958310117274390194e+00 9.989999999987011492e-01
9.989999767201298564e-01 7.752968781062018699e+00 1.000085830776054020e-03
6.703700050779355379e-01 7.946658834178241371e+00 9.989999999999963354e-01
9.989999958986338635e-01 7.771198377548061309e+00 9.989999999999998881e-01
6.834228403009979802e-01 7.941150139403940322e+00 9.989999999958177890e-01
9.989999986602512427e-01 7.770859965703641237e+00 4.630540322302173495e-01
5.084490275139994520e-01 7.949092336327389319e+00 9.989999999909642270e-01
9.989999999993115498e-01 7.776319477807014380e+00 9.989999999999998881e-01
8.191735870228270544e-01 7.950851632702208960e+00 9.989999995187105464e-01
9.989999999999998881e-01 7.728351232008155769e+00 1.000000000000000238e-03
6.308891805328081803e-01 7.950608266268619495e+00 9.989999999345914317e-01
8.329444087698794075e-01 7.781494098150440131e+00 1.000000114074212987e-03
5.743648648155396108e-01 7.948182183117659783e+00 9.989999999761707272e-01
5.870607290284206581e-01 7.727832000803009471e+00 1.000000000485558663e-03
4.743161850138205571e-01 7.938406106548435481e+00 9.989999999270307018e-01
6.221583383796123190e-01 7.750724906733682751e+00 1.000000002953469304e-03
6.262427442443333492e-01 7.943717169614279427e+00 9.989999998226141154e-01
5.506566828179606521e-01 7.735982820805857862e+00 9.989999999689280763e-01
6.415705255815012942e-01 7.952407516917021191e+00 9.989999999999998881e-01
9.989999999999992220e-01 7.786447373981800979e+00 1.000000000086645338e-03
9.989998980048172550e-01 7.965076510389523357e+00 9.989999996898297763e-01
8.489059715965755482e-01 7.739376602116154302e+00 1.000001177003914709e-03
6.437150491577415812e-01 7.952926550829801045e+00 9.989999999995883284e-01
9.989999999999950031e-01 7.789314421777895348e+00 1.000000055768893214e-03
4.673364779020189319e-01 7.956302390854022022e+00 9.989999999390271057e-01
9.989999999887614335e-01 7.771261496469902497e+00 2.748206761974061330e-01
7.272099832037964839e-01 7.957982917252102162e+00 9.989999996594737253e-01
9.989999991732474438e-01 7.768271185452456429e+00 1.000002367771531597e-03
7.304785738424380837e-01 7.949960383079973880e+00 9.989999999999975566e-01
4.937090029658816048e-01 7.754806451895079000e+00 9.989999999023496668e-01
7.500012412743347623e-01 7.960042873191937041e+00 9.989999999941001629e-01
9.989999999999997771e-01 7.740156361460488021e+00 9.984177574698723800e-01
6.445618861673612088e-01 7.947174341052338775e+00 9.989999999999998881e-01
1.778207349494078937e-01 7.699684854510192800e+00 9.989999924345592808e-01
2.483490117640538841e-01 7.949930092385237401e+00 9.989999952388347593e-01
9.989999998573422246e-01 7.774377698612685350e+00 4.205989528617810058e-01
9.114866860111714431e-01 7.975916816397850440e+00 9.989999999999993330e-01
7.108199757542726926e-01 7.735770495751600251e+00 9.989999999090911631e-01
9.989631141461178254e-01 7.960576279852113579e+00 9.989999999999953362e-01
9.989999999999997771e-01 7.756268223786682903e+00 1.000000000000214259e-03
6.564866191733649270e-01 7.948401350236625973e+00 9.989999999999998881e-01
9.989999999999998881e-01 7.762105409875477591e+00 1.000000000002298313e-03
4.302409504044895083e-01 7.946798221367008530e+00 9.989999999761395300e-01
9.989999960331668039e-01 7.753943269226812873e+00 1.000000322818699961e-03
6.654525583403068101e-01 7.942575380439767407e+00 9.989999999997473124e-01
9.989999999914463968e-01 7.735591688320066162e+00 1.000000002374350086e-03
5.616820137868482332e-01 7.943087270590847737e+00 9.989999999999997771e-01
8.743124073074756142e-01 7.742054171283935915e+00 9.989999999998853131e-01
9.814089917438746369e-01 7.961476784503383364e+00 9.989999999872614111e-01
6.263695019372350625e-01 7.735538597336488742e+00 1.000000118803982948e-03
5.801829704036638446e-01 7.942911762189632796e+00 9.989999999737839698e-01
9.989999999999997771e-01 7.744234832122233847e+00 1.000000000000000671e-03
6.987724131920661774e-01 7.949118777722675944e+00 9.989999999967533739e-01
7.624053501646624875e-01 7.765736566358152793e+00 1.000000014719579743e-03
6.374987840021378860e-01 7.936607519317263382e+00 9.989999998786462942e-01
9.747342811874795121e-01 7.744834835975343168e+00 9.989999971553472635e-01
6.869049207277736491e-01 7.945745783924442307e+00 9.989999999953045329e-01
7.956564814580527889e-01 7.748947870763838175e+00 9.989999999469785230e-01
4.489966288404394490e-01 7.936058843339143465e+00 9.989999998437908424e-01
9.989999999999991109e-01 7.766959863899114858e+00 9.989999999999998881e-01
5.372967620596682536e-01 7.941081870670759102e+00 9.989999999999900071e-01
5.888129915171881335e-01 7.735334607022651632e+00 1.000000002706965966e-03
6.789129942811925611e-01 7.970623143187951065e+00 9.989999999994131352e-01
9.989999999999713554e-01 7.763605095242954057e+00 1.000000000115075938e-03
3.322230283266598416e-01 7.938115401123316595e+00 9.989999999999858993e-01
9.989999995317225823e-01 7.754011900230690202e+00 9.753623635032813155e-01
1.141930083158367720e-01 7.955408552444265702e+00 9.989999999999051861e-01
9.989999999797217756e-01 7.777152440575595627e+00 2.672375242177461585e-01
4.605125050167482859e-01 7.949415497297555255e+00 9.989999999999998881e-01
9.989999999784100471e-01 7.760864977483137750e+00 1.000000219002316086e-03
3.605963431545206599e-01 7.944245865369616411e+00 9.989999999999994440e-01
9.989999999999998881e-01 7.730815930819412429e+00 1.000000000000000238e-03
7.591735173648080925e-01 7.952768360420084726e+00 9.989999999996734825e-01
9.989999925840356010e-01 7.727923503783011405e+00 1.000004546809247054e-03
4.155033541744970194e-01 7.947499419378508456e+00 9.989999999999989999e-01
6.686583406076731517e-01 7.752223073050023672e+00 9.989999999999960023e-01
3.268307494370481514e-01 7.940221979999559032e+00 9.989999998638364742e-01
4.275324723465682708e-01 7.761987791478274445e+00 9.989999999998450120e-01
4.939818449576164339e-01 7.943795642047214223e+00 9.989999999897068994e-01
9.989999999998991909e-01 7.727552566990129712e+00 1.711635234849860354e-01
6.981552388179704804e-01 7.946358616451548507e+00 9.989999999986642898e-01
1.000001288546856042e-03 7.752874691321578027e+00 1.000000000000108658e-03
4.589719658701568172e-01 7.955982441314119136e+00 9.989999999999998881e-01
9.989999977398428266e-01 7.775693265112072261e+00 8.764085855308310080e-01
5.892754830112296727e-01 7.954205152694646230e+00 9.989999999999998881e-01
9.989999999999996660e-01 7.739899592081623148e+00 8.510407018142912561e-01
7.126457520243174582e-01 7.950444768497845871e+00 9.989999999285645860e-01
9.989999999999773506e-01 7.762652830399015436e+00 1.000000002979709165e-03
6.927002811767549728e-01 7.949432875657222120e+00 9.989999999954777277e-01
1.782956633870674268e-01 7.753813365869378416e+00 1.167025282012030957e-01
5.839322133859794484e-01 7.955752195023349849e+00 9.989999999711171030e-01
1.000009335204417879e-03 7.737544357456226152e+00 2.981058046658156546e-01
3.184961846343112302e-01 7.939317589513237294e+00 9.989999999638207173e-01
9.989999999999998881e-01 7.744656175111240159e+00 1.000000000000000454e-03
7.018118717934000994e-01 7.938119258359511932e+00 9.989999999977630107e-01
4.350719846685945358e-01 7.739913763355485976e+00 1.000001026610795743e-03
3.157135841973308099e-01 7.948077563968643844e+00 9.989999999987795309e-01
9.197431624245917536e-01 7.765273274147598492e+00 1.000000019842355427e-03
6.112127009453500737e-01 7.955021029775944719e+00 9.989999999765931671e-01
9.989999794252335530e-01 7.753048551308098446e+00 1.000003046420764111e-03
9.520815186860904777e-01 7.954270487478718898e+00 9.989999999999501501e-01
9.989999999687479981e-01 7.759666589636586842e+00 7.997775896408397811e-01
5.968945146914724775e-01 7.952815771942165490e+00 9.989999999998201430e-01
2.350573414521714422e-01 7.689582057876950039e+00 9.989999999330582137e-01
4.913531440641761838e-01 7.938842576372279858e+00 9.989999999497110039e-01
9.989999999999998881e-01 7.793892975954909375e+00 1.000000000000000238e-03
5.170521893673523106e-01 7.954317800721994125e+00 9.989999999999994440e-01
6.911155650781819482e-01 7.729614680032921292e+00 9.989999991806177704e-01
4.109074926245653847e-01 7.942317432086709594e+00 9.989999999999994440e-01
7.423843924421525964e-01 7.750329930155575475e+00 9.989999999964580546e-01
6.730768865496780107e-01 7.952016276669503725e+00 9.989999998543009907e-01
9.989999999999998881e-01 7.766074382497988537e+00 1.000000000000173276e-03
3.164719871192990253e-01 7.941324666070305405e+00 9.989999998398955139e-01
9.989999999999652491e-01 7.730815048139663581e+00 6.275492906935988824e-01
6.856402672640500295e-01 7.956583063428700697e+00 9.989999999994386704e-01
9.989999974917813663e-01 7.752030386544618068e+00 1.000000273760000800e-03
7.607794104241820676e-01 7.945928454645949657e+00 9.989999999905351258e-01
9.989999999481308235e-01 7.738112054760795111e+00 9.989999999999998881e-01
6.125834035298711733e-01 7.950308049012172695e+00 9.989999999423174737e-01
5.105574460467610098e-01 7.734330461244083743e+00 2.590698134698667943e-01
8.143437714467569588e-01 7.967585647764876100e+00 9.989999994442743114e-01
8.844385419338963716e-01 7.742885126486300784e+00 9.989999999984486845e-01
3.494951030412867810e-01 7.941501688631153577e+00 9.989999999999786828e-01
9.989999999999984448e-01 7.764755845499595743e+00 1.000000471398514211e-03
9.989999999999998881e-01 7.952192737587470361e+00 9.989999999999998881e-01
1.620246223264987240e-01 7.735192267126580035e+00 9.989999931106710029e-01
8.788047505761501510e-01 7.950701554323159392e+00 9.989999999985899048e-01
9.989999622833073412e-01 7.734919310361435763e+00 1.000022706285922909e-03
4.133288788399607783e-01 7.928795915778517056e+00 9.989999998018107563e-01
9.989999994891608504e-01 7.747573152880725900e+00 3.750070387496415858e-01
6.682203796847283606e-01 7.941203903992097857e+00 9.989999997039464841e-01
9.584961396846618520e-01 7.765483895740479703e+00 9.989999997079070937e-01
6.582998455001645155e-01 7.951498260175949184e+00 9.989999999999977787e-01
9.989999999999998881e-01 7.765187239964036259e+00 1.000000000000000238e-03
5.660291710334474091e-01 7.938466632917618782e+00 9.989999999999998881e-01
9.989999999992661417e-01 7.744718762881960927e+00 1.000000001871644787e-03
9.989999999999998881e-01 7.946118011764315092e+00 9.989999999314491674e-01
5.179934117262036120e-01 7.743929940618201613e+00 9.989999999997074553e-01
8.991070519894841517e-01 7.950946065035942922e+00 9.989999999999715774e-01
3.199167235110426111e-01 7.757992096131975934e+00 9.989999999999993330e-01
7.006181564066542578e-01 7.969547503409049050e+00 9.989999999999986668e-01
9.989999992277079910e-01 7.756001238632411088e+00 1.308428683095470835e-01
5.552644186874358123e-01 7.954218049858221562e+00 9.989999999999986668e-01
8.670537553845201195e-01 7.757234223909755144e+00 9.989999999999946700e-01
5.345592257030377104e-01 7.939993988092453492e+00 9.989999999999891189e-01
9.989999999767034122e-01 7.751859614334574822e+00 9.989999999999998881e-01
9.551435615990526706e-01 7.952537529773810121e+00 9.989999999999273905e-01
9.989999999999998881e-01 7.714563870179087068e+00 1.000000000000239196e-03
3.933225075356076017e-01 7.942084911719453189e+00 9.989999999999861213e-01
9.643059782046179418e-01 7.759164602235658847e+00 9.989999999990272217e-01
4.134878382864927149e-01 7.946235367522004545e+00 9.989999998892628019e-01
9.989999999991819868e-01 7.760062900721212742e+00 6.922532008983804941e-01
8.125726790628556850e-01 7.942326424221182180e+00 9.989999999999533697e-01
9.989999998673234627e-01 7.788917233204188051e+00 4.982952850908789477e-01
7.542502782218237778e-01 7.962911767240701266e+00 9.989999999987686508e-01
3.529079879709359213e-01 7.731540490112783104e+00 6.422729917722769244e-01
5.640711746598511267e-01 7.952885318488348787e+00 9.989999999999997771e-01
9.989999999861139957e-01 7.756109795467330592e+00 9.989999999999998881e-01
6.284324208992057015e-01 7.942659312528721038e+00 9.989999998629087719e-01
9.989999999999998881e-01 7.743950715361346049e+00 1.000000000000000238e-03
3.774501068987701768e-01 7.946769669111799494e+00 9.989999999999986668e-01
2.358263777609151748e-02 7.733241273834411622e+00 1.000000579466324988e-03
8.431084667398347499e-01 7.944141510017519003e+00 9.989999998058524122e-01
6.619557993228785131e-01 7.731868375729842313e+00 1.000003460363316655e-03
5.536670038901932989e-01 7.942624079161229034e+00 9.989999999999998881e-01
9.989999999999998881e-01 7.686786325770354367e+00 1.000000000000047292e-03
2.293671971099739970e-01 7.934781949114796618e+00 9.989999999995093916e-01
9.097067236783208388e-01 7.748174759377347343e+00 9.989999999999901181e-01
4.448696482053868806e-01 7.956522503786040090e+00 9.989999999215734006e-01
1.259048262778295069e-01 7.761093586855600357e+00 3.243357896816096986e-01
8.617764599823151128e-01 7.946713285406252325e+00 9.989999999992758006e-01
7.128851915782153936e-01 7.762468470410435195e+00 9.989999999999975566e-01
6.466173719410718279e-01 7.953938620210331933e+00 9.989999996704780338e-01
9.989999999999998881e-01 7.772433931515940309e+00 1.000000000000023873e-03
5.973580753581495539e-01 7.957560994350803441e+00 9.989999999998917524e-01
9.989999999999998881e-01 7.772364413007461614e+00 1.000000000000436954e-03
9.989999728224978615e-01 7.963870417888863074e+00 9.989999999988726787e-01
9.989999983899489067e-01 7.754587401682996095e+00 1.000000005805346242e-03
6.272749450803810634e-01 7.951050570949329988e+00 9.989999998209273535e-01
9.297993435277840391e-01 7.750823319729999383e+00 9.989999999998567803e-01
7.075156852498527549e-01 7.952269075913229734e+00 9.989999999880685433e-01
9.989999999997190017e-01 7.747513797291211368e+00 1.000000328455207931e-03
9.511141618766862926e-01 7.947333980365781869e+00 9.989999999981526990e-01
9.989999998710574758e-01 7.756213170924148415e+00 1.000000196770659249e-03
3.556366833866930754e-01 7.937656246587443398e+00 9.989999999999993330e-01
9.989999997450323965e-01 7.774408843455773876e+00 1.000009871249525270e-03
7.890248404183559661e-01 7.949686828503000235e+00 9.989999999992233981e-01
9.178130453596720084e-01 7.765792941645948133e+00 9.989999999994401136e-01
8.351559886850301595e-01 7.947946107185777542e+00 9.989999999915115669e-01
9.989999993687868063e-01 7.763176882354915875e+00 5.023381295848808881e-01
6.154029661616677860e-01 7.956046181964214092e+00 9.989999999502170436e-01
9.649002762656386789e-01 7.763113024122712424e+00 9.989999679926421239e-01
8.765717351818668179e-01 7.952641431447196041e+00 9.989999999981958867e-01
4.553833887054569707e-01 7.729368416959735200e+00 9.989999999999997771e-01
3.488810858753021993e-01 7.951204682013394809e+00 9.989999999994206847e-01
5.966521200621819343e-01 7.755498957648216951e+00 1.000000000109721931e-03
8.812037043142778581e-01 7.957408635693148824e+00 9.989999999986947099e-01
8.398346002094227991e-01 7.729785199172096277e+00 9.989999995614968764e-01
9.989999736017196597e-01 7.970673818102442354e+00 9.989999999991492352e-01
9.447043827382740622e-01 7.736995618516897544e+00 9.989999999981509227e-01
8.360907918597690891e-01 7.958562412922941753e+00 9.989999999929106700e-01
7.402624378296843721e-01 7.755689218382569194e+00 9.989999999999086278e-01
4.682223635974217535e-01 7.949212050106407190e+00 9.989999998299310402e-01
9.989999993403007039e-01 7.753604277553936441e+00 7.071846035308287926e-01
4.916438140652112931e-01 7.939815467246202019e+00 9.989999999758911731e-01
9.989999999999998881e-01 7.743558073870700831e+00 9.989999050077290610e-01
9.989999999987640988e-01 7.948556272016031876e+00 9.989999999999922276e-01
8.836168047051747854e-01 7.757356499452956911e+00 9.989999999999811253e-01
5.220861256490347824e-01 7.947140866363585410e+00 9.989999999999034097e-01
9.989964986724728657e-01 7.768178471814666253e+00 1.000000000001322747e-03
9.989999998253327185e-01 7.955210454254890706e+00 9.989995715466545301e-01
9.877851031255381331e-01 7.764902939226122847e+00 1.000000000018480897e-03
5.478527510548006907e-01 7.958298379052327398e+00 9.989999999999963354e-01
9.989999999982528411e-01 7.776968312039948650e+00 3.116056029265592414e-02
5.294342130789889689e-01 7.938479751895461511e+00 9.989999999567140687e-01
9.989999999998344649e-01 7.727305091048688901e+00 1.000000001431347032e-03
8.782813085332511482e-01 7.960520042314572997e+00 9.989999999999997771e-01
9.989999453900584303e-01 7.732054102211890267e+00 9.989999999980108125e-01
4.943229910096349489e-01 7.938196956407075788e+00 9.989999999789499485e-01
7.956011099135632536e-01 7.753111190390706398e+00 9.989999999998561142e-01
4.707562329605465834e-01 7.965205325509842282e+00 9.989999999966012734e-01
8.176128190338258772e-01 7.749855117394170101e+00 9.989999999901837402e-01
2.682715754244733852e-01 7.936759862125596143e+00 9.989999999988578017e-01
9.989999999994824131e-01 7.717995162820026955e+00 7.098642905821297422e-01
6.618546493500168104e-01 7.954408486755158769e+00 9.989999999999994440e-01
1.254300227127738976e-01 7.762099342932960333e+00 1.000000000000115814e-03
7.285974451661632045e-01 7.955861472554550673e+00 9.989999999999767955e-01
1.895026565731562362e-01 7.719811070771522843e+00 1.000000013660827265e-03
8.072133532048302307e-01 7.949900363902779432e+00 9.989999999999773506e-01
5.911153477044704951e-01 7.776089683707543720e+00 1.000000000369620154e-03
7.602428041024377192e-01 7.951422423242397564e+00 9.989999999999825686e-01
9.989999999999660263e-01 7.758198640564724968e+00 1.000000000468210994e-03
6.805432099211023989e-01 7.946560735879212523e+00 9.989999999989156443e-01
9.989999999992471569e-01 7.772641625635460905e+00 1.000000760466193293e-03
4.866379584154748583e-01 7.931530581939703950e+00 9.989999999979449763e-01
9.989999999999998881e-01 7.779104841488814870e+00 1.000000000000002623e-03
8.771041954200010649e-01 7.953584163062602741e+00 9.989999999999986668e-01
5.910152549354106277e-01 7.751974619837976199e+00 9.989999999996872493e-01
3.447056316654889541e-01 7.943534005073252580e+00 9.989999999989499502e-01
9.989999998556488015e-01 7.734725345275543340e+00 1.373167483340552164e-01
9.989329656629718501e-01 7.949705978621800284e+00 9.989999999999998881e-01
9.989999999957640542e-01 7.761838232988250930e+00 9.989999999999299440e-01
1.884915486990964006e-01 7.941909325982359213e+00 9.989999999928235175e-01
9.347112372507183631e-01 7.747773017704641774e+00 9.989999999998854241e-01
8.809916806924180666e-01 7.954422052053556236e+00 9.989999999979460865e-01
6.917032871424002582e-01 7.763266308869523513e+00 9.989999999822390953e-01
3.556522034785969955e-01 7.950258854048109391e+00 9.989999999999777947e-01
9.989999997994959413e-01 7.755204726251506031e+00 9.543557816919598924e-01
6.038150301556849397e-01 7.934417239009344591e+00 9.989999999794398899e-01
9.989999999999451541e-01 7.751858930838598560e+00 1.000000000127857598e-03
5.038054113132257594e-01 7.959116758561595617e+00 9.989999999999998881e-01
9.989999999999878977e-01 7.763435886823510046e+00 1.000000010613472795e-03
4.265535251092750779e-01 7.950472984285212874e+00 9.989999999999998881e-01
9.989999999702534605e-01 7.775536559023578320e+00 1.000000187809479578e-03
5.124748729189887442e-01 7.946725231780457754e+00 9.989999999999996660e-01
2.233547334795712158e-01 7.751650333670838222e+00 1.000000086311532161e-03
4.567952186727044506e-01 7.945292233644862812e+00 9.989999999733064628e-01
9.989999999581010703e-01 7.763265933725379320e+00 1.000000075694263161e-03
8.085389721667117779e-01 7.944958476599038200e+00 9.989999994587559495e-01
9.849540546346575720e-01 7.738875867792459395e+00 1.000190707820137765e-03
8.181464129438578148e-01 7.943818128910801413e+00 9.989999994372181780e-01
9.989999999999998881e-01 7.775939726665340501e+00 9.989999999999970015e-01
7.016468128948375460e-01 7.955444292627166902e+00 9.989999999557761523e-01
1.000000000160424646e-03 7.749524995098054703e+00 5.486160748641426554e-01
6.788780336196175158e-01 7.952657635928192192e+00 9.989999999998480096e-01
9.989999999996900248e-01 7.762280246320703014e+00 6.413101362620878820e-01
4.960007112923224271e-01 7.957798942163769595e+00 9.989999999495964289e-01
9.989999999984818801e-01 7.753824536027895675e+00 8.524576002808231801e-01
4.034582822746649589e-01 7.937467846174471653e+00 9.989999999999988889e-01
2.832813701204317178e-02 7.763690172869022632e+00 1.000000084935173932e-03
5.499062963704877127e-01 7.943023359737774847e+00 9.989999999999972236e-01
9.989999415437660346e-01 7.757562160287282182e+00 9.989999999862142488e-01
3.746988399955463178e-01 7.948148793087704611e+00 9.989999995207207162e-01
9.080424988482264925e-02 7.741692378734851943e+00 1.000000016476227088e-03
8.945823051489718569e-01 7.969261698241157710e+00 9.989999999999813474e-01
9.989999998111435131e-01 7.778169611481688506e+00 1.000000078109450786e-03
5.818300187072634744e-01 7.953960585098281300e+00 9.989999999795287078e-01
9.273568943317624935e-01 7.777324346880265971e+00 9.989999999995101687e-01
6.207095117407162022e-01 7.956762221901692911e+00 9.989999998730477726e-01
7.805012245338870391e-01 7.747305808358765589e+00 9.989999999017151744e-01
8.252350314039316181e-01 7.975214736867628496e+00 9.989999991737944507e-01
1.064750978138756243e-01 7.729047589650399175e+00 1.000000006460375875e-03
6.129985198126255280e-02 7.941174999409956747e+00 9.989999999999898961e-01
9.989999999976150180e-01 7.744531635134515035e+00 3.636880483484786208e-01
3.129539976496767961e-01 7.942548901933482952e+00 9.989999999985645918e-01
9.989999999997494218e-01 7.756989109895672918e+00 1.000000000406349237e-03
7.032919957892781460e-01 7.961380730409221229e+00 9.989999999966356903e-01
2.415575274842145792e-01 7.728167858983721494e+00 9.989999999960531563e-01
4.699822478515440771e-01 7.953581738815851843e+00 9.989999998046499297e-01
9.989999999999626956e-01 7.737896444544771768e+00 1.000000000000946746e-03
5.501536298346804132e-01 7.953345774118868228e+00 9.989999999999988889e-01
9.989992719026420387e-01 7.768178648565117861e+00 1.000005067061070880e-03
5.727349662008217601e-01 7.941495864974510432e+00 9.989999999764374028e-01
1.000000054316217994e-03 7.738196225990030541e+00 5.442491909231768343e-02
6.750441865954212028e-01 7.941028148368658890e+00 9.989999999999986668e-01
9.989999999999994440e-01 7.730081238759741957e+00 1.000000000055208896e-03
4.442392401041494465e-01 7.952789261437013479e+00 9.989999999998381286e-01
7.183044110272033267e-01 7.747518936322164151e+00 1.000007572840876536e-03
6.462633579333008083e-01 7.930769328743551227e+00 9.989999999999993330e-01
2.266397574350065280e-01 7.746668805211657016e+00 1.000000006026391646e-03
5.635673652647559262e-01 7.946616188832178018e+00 9.989999999999998881e-01
9.989999995598131122e-01 7.734182936838520206e+00 1.000025087913801979e-03
4.633326742361941752e-01 7.942651427904698025e+00 9.989999998547444138e-01
6.860500027025813186e-01 7.746801131339698721e+00 9.989999999998183666e-01
6.353303381626086432e-01 7.954698277939866280e+00 9.989999999771429495e-01
9.989999999999973346e-01 7.762543997845835264e+00 1.000000000000055749e-03
6.660955139964301885e-01 7.943283294084877433e+00 9.989999999852960944e-01
9.989999999999992220e-01 7.802957405859499929e+00 1.000000000001057335e-03
1.465857808490256958e-02 7.935156992012456278e+00 9.989999999999998881e-01
9.989999999999998881e-01 7.782586673047578785e+00 6.517790173791148112e-01
4.602817052968749545e-01 7.956238361678473758e+00 9.989999999999997771e-01
9.989999999549528109e-01 7.749646539861760886e+00 1.000000027832612754e-03
4.494678219559665178e-01 7.955978028589854034e+00 9.989999999303442735e-01
3.294074452519032969e-01 7.776340657704419179e+00 1.000000001311503444e-03
6.727513227253036909e-01 7.950654192294308586e+00 9.989999999999989999e-01
6.402347833239712127e-01 7.780173111902762173e+00 1.000000000455189726e-03
8.629868596940956094e-01 7.952211856382790600e+00 9.989999999986176604e-01
9.989999999999998881e-01 7.773953723930759452e+00 3.667607178352241259e-01
4.540722727793304880e-01 7.949189354899561799e+00 9.989999999999951141e-01
9.989999999999727986e-01 7.752302393037590278e+00 1.000000000128078558e-03
6.465001785099984133e-01 7.955888746364265351e+00 9.989999999999984448e-01
6.576085291947920686e-01 7.758426334918941514e+00 9.989999999999874536e-01
5.741443403332066042e-01 7.956477403603025245e+00 9.989999999999998881e-01
9.989999999996010960e-01 7.766961346178727688e+00 2.620020421737416227e-01
6.304013070502135774e-01 7.948882023807036568e+00 9.989999999224544736e-01
9.989999999999599201e-01 7.725885031256709112e+00 1.000000000002624874e-03
5.100156297241090764e-01 7.945820525196957362e+00 9.989999999999802371e-01
9.989999999999212843e-01 7.770760483896117066e+00 9.989999999999998881e-01
5.933006024704148285e-01 7.936435239447669154e+00 9.989999999998533387e-01
9.989999999936182151e-01 7.755222523541237756e+00 9.989999999999998881e-01
8.074719928694978899e-01 7.959408986744661796e+00 9.989999999984328083e-01
9.989999999307773715e-01 7.778764082247835887e+00 5.417589588688809243e-01
4.043693878820935339e-01 7.952893109701352437e+00 9.989999999998501190e-01
3.021421582141052831e-01 7.768254957759607393e+00 9.989999938840512517e-01
5.647410844968335786e-01 7.949959635639610056e+00 9.989999999999998881e-01
9.989999999999897851e-01 7.790835456379359591e+00 1.000000000283850872e-03
8.320984651104780250e-01 7.954094480215299079e+00 9.989999976239049007e-01
9.989999999999998881e-01 7.764344530680581613e+00 1.000000000000332654e-03
4.314200019852446055e-01 7.945754296522995475e+00 9.989999997335479165e-01
9.989999792880690510e-01 7.778951167034861669e+00 9.989999999997595248e-01
6.145200893335825976e-01 7.956277394090543353e+00 9.989999999645157169e-01
4.175437390993134157e-01 7.755427448842550753e+00 1.000000043591672176e-03
6.502378329564678650e-01 7.957784788092181039e+00 9.989999999999998881e-01
9.989995881162557767e-01 7.742265153169977765e+00 1.000000000851102629e-03
9.989990283452835351e-01 7.960064920602230032e+00 9.989999999999967795e-01
9.989999999999998881e-01 7.746726951942584094e+00 1.000000000000571829e-03
6.566814729954804086e-01 7.949454618635908076e+00 9.989999999999292779e-01
9.989999999989720436e-01 7.778131952210929789e+00 1.000000038342002554e-03
8.381446072930796021e-01 7.944897924879041895e+00 9.989999991801434831e-01
9.989999829031089851e-01 7.751096169049123574e+00 1.000000000504754245e-03
9.582656044533900408e-01 7.958849960318804762e+00 9.989999999910379458e-01
9.989999999999522595e-01 7.742026424804937079e+00 1.000000000006566383e-03
5.987743475689240036e-01 7.937699125877131223e+00 9.989999999998264713e-01
3.280908413394175716e-01 7.772748935383408053e+00 1.000063362671358693e-03
3.881564833511286783e-01 7.931276901382256383e+00 9.989999999999922276e-01
9.989999954451163067e-01 7.745008002742834741e+00 1.000004424531850946e-03
6.258090709958941122e-01 7.953841453113377646e+00 9.989999999999998881e-01
9.989999999998525615e-01 7.767864097537625412e+00 1.000000000344724053e-03
8.272168735449396682e-01 7.950697639700369024e+00 9.989999979140735675e-01
3.199509985666721956e-01 7.742759868308104032e+00 1.000000002155024227e-03
6.407676948042375642e-01 7.941460494510557133e+00 9.989999999597429792e-01
4.103457371463409276e-01 7.754437303060226938e+00 1.000000542551523043e-03
6.065448785736197168e-01 7.945868132505898629e+00 9.989999999999998881e-01
8.782800468618061629e-01 7.776019483084735562e+00 9.989999999981667989e-01
7.462920231009122496e-01 7.950883759255808592e+00 9.989999999956341581e-01
4.297257258529119106e-01 7.742833897345639649e+00 9.989999999597668490e-01
6.702011766210937971e-01 7.933794619193856867e+00 9.989999999981927781e-01
7.302213294973697311e-01 7.768643688715444640e+00 1.000000000113325386e-03
7.825747751654413831e-01 7.941351755452366490e+00 9.989999999998802060e-01
9.989999999697034561e-01 7.760184340171858430e+00 9.807932899030572527e-01
9.989992413752400990e-01 7.949938436147380827e+00 9.989999999975817113e-01
9.989999999979926049e-01 7.756180936099112522e+00 9.989999967353728749e-01
8.510221309058776384e-01 7.973016620951963951e+00 9.989999999986898249e-01
9.989999999999998881e-01 7.780503537557312832e+00 6.085501359293847556e-02
7.727946563780329070e-01 7.940034594677213065e+00 9.989999999948496745e-01
8.199276883902677504e-01 7.741504593564778602e+00 9.989999999581365975e-01
8.176551720325787587e-01 7.947957494038487170e+00 9.989999999999231717e-01
9.989999999986850510e-01 7.752368995926866013e+00 2.559670833856543259e-01
7.524290273597341594e-01 7.949328084955185503e+00 9.989999999985942347e-01
9.989999999890409876e-01 7.755286376820696326e+00 5.774254816787045552e-01
8.130056500228427518e-01 7.942484466008446375e+00 9.989999999998919744e-01
1.000008216648996199e-03 7.738019334988445408e+00 5.643068951975354491e-02
8.570812521997408506e-01 7.952835425981851003e+00 9.989999999999873426e-01
7.517094873881341455e-01 7.742384862440255588e+00 9.989999999999977787e-01
5.406200160103115104e-01 7.949999311984572437e+00 9.989999999999985558e-01
9.989999999999993330e-01 7.757081474887092654e+00 1.000000000000339376e-03
2.969181977060185162e-01 7.934492275586085164e+00 9.989999999990937241e-01
4.370054923344173781e-01 7.761722147652927895e+00 9.989999943060799970e-01
6.825069431639927409e-01 7.947941546233711740e+00 9.989999998671944548e-01
2.785271751629862513e-01 7.762219578183605861e+00 9.989999999999998881e-01
9.989999999998965263e-01 7.936699327528188519e+00 9.989999999999998881e-01
9.989999935933588926e-01 7.791654198474756932e+00 1.000004959082056262e-03
6.081079392638197856e-01 7.949787295951117549e+00 9.989999999999998881e-01
9.989999999357869198e-01 7.741301673775736525e+00 9.484583093769336504e-01
5.497735404150780880e-01 7.948633584536444197e+00 9.989999999999996660e-01
3.648993007334173089e-01 7.733083877525700700e+00 9.989999999999874536e-01
9.307012348261591850e-01 7.960250066741183517e+00 9.989999998146271709e-01
9.989999999999986668e-01 7.764752417915712357e+00 1.000000000000229221e-03
5.991752670095961131e-01 7.944990457543735118e+00 9.989999999999998881e-01
9.989999999999989999e-01 7.760382395878524520e+00 2.183690647216564307e-01
3.027689184692660684e-01 7.948792681037912367e+00 9.989999999999998881e-01
8.315525341363193546e-01 7.759182577886393872e+00 1.000000000108653342e-03
3.620916481380463958e-01 7.933753179016436619e+00 9.989999996937548588e-01
9.989999999999998881e-01 7.784298446923068937e+00 5.576830678365887195e-01
8.220883294846250688e-01 7.954948628932434929e+00 9.989999999998169233e-01
4.232333501696129430e-01 7.741023938226857304e+00 9.989999999999934488e-01
3.222331696510274957e-01 7.943105098431273881e+00 9.989999997962965006e-01
9.989999999999997771e-01 7.786583437082519765e+00 9.989999999999998881e-01
3.761654465499892352e-01 7.953339742135524304e+00 9.989999996569954854e-01
9.989999980439553395e-01 7.749927696163017465e+00 9.529012983916103074e-01
6.349052207609893195e-01 7.937100302514311423e+00 9.989999999999065183e-01
9.989999999999992220e-01 7.766873880916424611e+00 6.531270483180992015e-01
5.076976349492811069e-01 7.950427977277193747e+00 9.989999999999998881e-01
7.207508540575577882e-01 7.751259427851025841e+00 9.989999999999996660e-01
8.387067542952606480e-01 7.943414363608380491e+00 9.989999999604253222e-01
9.989999995825020740e-01 7.755509407254633558e+00 4.452395688612357239e-01
3.737168889772133906e-01 7.933689857293507508e+00 9.989999999999967795e-01
8.403311337331808017e-01 7.707033551048994013e+00 9.989999999998103730e-01
3.354875263710733746e-01 7.966027860740981126e+00 9.989999997386874719e-01
9.989999944091301209e-01 7.785313428439972760e+00 6.334973760324167369e-01
6.758395088144137919e-01 7.941192183536795568e+00 9.989999999998993019e-01
4.321598341861010439e-01 7.741081560279463147e+00 9.989999999999998881e-01
4.777757992324047076e-01 7.951892379002419631e+00 9.989999998709579998e-01
9.989999999999998881e-01 7.775771148206603200e+00 9.989999991062306073e-01
7.609482937766074429e-01 7.956372758145815460e+00 9.989999999999998881e-01
9.989999999990955004e-01 7.735037720226664248e+00 1.000000000033267463e-03
6.150000237372871270e-01 7.953447965468989800e+00 9.989999999396022012e-01
8.647046804348141880e-01 7.756168496883231178e+00 1.000002565961055851e-03
2.517759657959358632e-01 7.947087883919550677e+00 9.989999999995320401e-01
9.989999999999998881e-01 7.764161322223547934e+00 1.000000000000001322e-03
8.310410968116718200e-01 7.951133713517346990e+00 9.989999999998344649e-01
9.989999999293477373e-01 7.791209976672660353e+00 9.989999999999995550e-01
5.081296301557104433e-01 7.950631327165312179e+00 9.989999999999573665e-01
9.989999999597667379e-01 7.774087118640986560e+00 5.093801709881743411e-01
2.254133319984449324e-01 7.931379370985832900e+00 9.989999999992743573e-01
7.927503586533536373e-01 7.755275502992149406e+00 9.989999999999414904e-01
5.719790382043915544e-01 7.946023263871913933e+00 9.989999999999998881e-01
9.989999737529693391e-01 7.739677485471245788e+00 7.536055393089102772e-01
9.989999974408210193e-01 7.960861718744876470e+00 9.989999999999998881e-01
9.989999999166688793e-01 7.764964101885531989e+00 7.488737191056897835e-01
7.181714823147896665e-01 7.946314623555850609e+00 9.989999998647679513e-01
9.989999999999064073e-01 7.748052389842735366e+00 1.000000000002538572e-03
6.176063031073828480e-01 7.958193242185666705e+00 9.989999999225933625e-01
2.570015901865285168e-01 7.742527162738133129e+00 9.989999998793314129e-01
9.337335218752904620e-01 7.953310665243906286e+00 9.989999997939712495e-01
9.829682774428791792e-01 7.743071229427270552e+00 9.989999996728127218e-01
2.848637350849411720e-01 7.937653130251744571e+00 9.989999999999998881e-01
9.989999999507920281e-01 7.775902034538115792e+00 1.000005146359889694e-03
5.099136710771845493e-01 7.942549042197849296e+00 9.989999999976476586e-01
9.989999999997215552e-01 7.750986845551866899e+00 9.989999999999998881e-01
6.877805036939652616e-01 7.953634478914219486e+00 9.989999999970400335e-01
9.989999999998832036e-01 7.740274551708165696e+00 9.989999999999998881e-01
3.710520594131501704e-01 7.936606695888389851e+00 9.989999999130836361e-01
9.989999749068341206e-01 7.766039123266494038e+00 1.000536103991199119e-03
7.809473064965626321e-01 7.951585368923546504e+00 9.989999999998726565e-01
9.989999835364298253e-01 7.777882401739852902e+00 1.000000000000600886e-03
5.044126184579499350e-01 7.947969256959636297e+00 9.989999999976166833e-01
9.989999999999654712e-01 7.793993223325117903e+00 2.523276391746848701e-01
1.697581516997866968e-01 7.935956139829537292e+00 9.989999999885234017e-01
9.989999999999998881e-01 7.756231194602070111e+00 1.000000000000000238e-03
3.587536119327695561e-01 7.941573086415123939e+00 9.989999999999998881e-01
9.989999997296518108e-01 7.763108304029307405e+00 1.000000064208431561e-03
6.695693375056408492e-01 7.945776008275702296e+00 9.989999999996119762e-01
9.989999996421754513e-01 7.765669468409832632e+00 6.403822498118491024e-01
9.989999998436193129e-01 7.953972488255728557e+00 9.989999999999998881e-01
9.989999995313966208e-01 7.729178379625409434e+00 8.306604718836524404e-01
1.910446271847676403e-01 7.950207870337387739e+00 9.989999999849402679e-01
9.317620422654173673e-01 7.729105876157472466e+00 1.000000214969755125e-03
7.370410868350296685e-01 7.945548348465192312e+00 9.989999999976325595e-01
9.989999996541604199e-01 7.769462902855310382e+00 6.004652953523995640e-01
6.613778751053704941e-01 7.968257974064856697e+00 9.989999999999996660e-01
9.989999999186486290e-01 7.763447912485471392e+00 4.045013880973362674e-01
8.740111723007023548e-01 7.960734158088653700e+00 9.989999999979175538e-01
3.737796678402807715e-01 7.760447840913875517e+00 6.772764032169913406e-01
5.797789291261307154e-01 7.957563377935383819e+00 9.989999999601488767e-01
6.975320201585580304e-02 7.727227667242943632e+00 1.000000021025678181e-03
4.969734094239841582e-01 7.966981834175903110e+00 9.989999998185357111e-01
9.989999999999956692e-01 7.741109483049738671e+00 1.000000000161695548e-03
6.954468534035381788e-01 7.940696239828389125e+00 9.989999999999193969e-01
9.989999933289444023e-01 7.771408817365851540e+00 5.405472020139890921e-01
6.899306906457323141e-01 7.955720445209804481e+00 9.989999999996852509e-01
9.989999139202766498e-01 7.764620535714711558e+00 1.000000002801147139e-03
4.422874590062496614e-01 7.941587030237021061e+00 9.989999999999856772e-01
9.989999999999996660e-01 7.762489214708383045e+00 1.000000000000721449e-03
6.646148454210910606e-01 7.948268039452134559e+00 9.989999999999329416e-01
9.989999999985051948e-01 7.770386734989486399e+00 9.989999999999998881e-01
8.604376849079310441e-01 7.952738403070868323e+00 9.989999999999998881e-01
6.915048280494180410e-01 7.738121433723137876e+00 1.000000001333710290e-03
7.132885951887526499e-01 7.940463222943855648e+00 9.989999999522269913e-01
6.334993042818867215e-01 7.760756202761107225e+00 9.989999999998691038e-01
7.509190417167919129e-01 7.950992551526538499e+00 9.989999999951802989e-01
5.324586033528361240e-01 7.748822502069613094e+00 9.989999887870518736e-01
9.989999999955989640e-01 7.961672738795352977e+00 9.989999999999998881e-01
2.839186955118810363e-01 7.730330267702612446e+00 7.128600530175173144e-01
8.836706645340723920e-01 7.940932701839066077e+00 9.989999999987789758e-01
1.000000226740225141e-03 7.696929803286471028e+00 1.777353783060670045e-01
9.989995262176205593e-01 7.949318814479777728e+00 9.989999991607798613e-01
1.000000007550847989e-03 7.700479136960002968e+00 4.031093552948581960e-01
7.099447059543078087e-01 7.964420087590229791e+00 9.989999999987881907e-01
8.011999649289623660e-02 7.758585203697892396e+00 1.000000002825382961e-03
9.581655461148883557e-01 7.953222553128920680e+00 9.989999999993315338e-01
7.654755577334632077e-01 7.737421010469631710e+00 9.989999999793931496e-01
6.900677761565325863e-01 7.947056856998002239e+00 9.989999999993470770e-01
4.891433892157771579e-01 7.741363183084843946e+00 9.989999999999168434e-01
8.229334664345533401e-01 7.949358152975927183e+00 9.989999999950208709e-01
9.989999999744066939e-01 7.762324440677073056e+00 9.515876430971973443e-01
5.491992315935350089e-01 7.932659549955594969e+00 9.989999999999994440e-01
9.989999999924703555e-01 7.794048772950074699e+00 1.201250156419643722e-01
5.108758244423733386e-01 7.951303397314549493e+00 9.989999999999897851e-01
8.564996879564543697e-01 7.771170135521246358e+00 9.989999999999946700e-01
9.989999774587959847e-01 7.947815633992774131e+00 9.989999999999961133e-01
5.340324268583087619e-01 7.742568053913267967e+00 1.000000000118510257e-03
8.677449476361606129e-01 7.939868529856986434e+00 9.989999999999993330e-01
1.000000034756560715e-03 7.748582651246803010e+00 2.389870481459552276e-01
5.916488840444018571e-01 7.945151827602460415e+00 9.989999999999003011e-01
9.989999999999870095e-01 7.742858147915426592e+00 1.000000049354796312e-03
7.677230341049376960e-01 7.973467262248236764e+00 9.989999999991132640e-01
1.000001224349399446e-03 7.746723044671996128e+00 4.738486484395756371e-01
5.171662952093986076e-01 7.949727903578779120e+00 9.989999999996773683e-01
9.989999999985390566e-01 7.777003864529336674e+00 1.000000003117589758e-03
8.067637371157848625e-01 7.953370530849923625e+00 9.989999999999491509e-01
9.989999918345691121e-01 7.742812540962687784e+00 9.989999999999970015e-01
4.811776394911286281e-01 7.935491931728240189e+00 9.989999999574982192e-01
9.989999851646649276e-01 7.759348515396603752e+00 1.000004576948365252e-03
8.966123872855635835e-01 7.955633776630448573e+00 9.989999999999998881e-01
9.989999999920132767e-01 7.791299282916342328e+00 2.437686419013567196e-01
2.681776375149026448e-01 7.951514776985742827e+00 9.989999999995955449e-01
9.989999995964903290e-01 7.783437426747505938e+00 7.728419903005311342e-01
6.873043602679067554e-01 7.954318647597981240e+00 9.989999999844266787e-01
3.203080663200699729e-02 7.756674931095117742e+00 1.000000114966505737e-03
3.208468092439841768e-01 7.937611749977341091e+00 9.989999999988550261e-01
6.587060735682944701e-01 7.738468176808605214e+00 9.989999999984965351e-01
9.564718262369216184e-01 7.944353025043480621e+00 9.989999999993535162e-01
9.989999999989860324e-01 7.779061087905710714e+00 8.169370528402122300e-01
8.827181583270714560e-01 7.962079035780207370e+00 9.989999999999991109e-01
4.149936215545200757e-01 7.743156549808897005e+00 9.989999986306463686e-01
5.522823626980775114e-01 7.950499933209862924e+00 9.989999999999998881e-01
9.989999999999975566e-01 7.731499385378761247e+00 1.000000000000000238e-03
7.205117551830675371e-01 7.974383425676625947e+00 9.989999975489938233e-01
9.989999999817337217e-01 7.747675039832913058e+00 9.989999999999996660e-01
3.731694601523807275e-01 7.953689604770739052e+00 9.989999997826699563e-01
9.989999999878357295e-01 7.754256638676316093e+00 7.801923200682497894e-01
4.533693742411685768e-01 7.946011444088874498e+00 9.989999999999910063e-01
1.000000532592253740e-03 7.753609519516547088e+00 2.139937832084307379e-01
6.928377881898710733e-01 7.954136074017237767e+00 9.989999999999411573e-01
6.804234137233969859e-01 7.764261978177598778e+00 9.989999999990191171e-01
6.518535799893768745e-01 7.937296587396132530e+00 9.989999999999998881e-01
1.000005787411677085e-03 7.736322704930090666e+00 3.142557989136212093e-01
6.153405010082737547e-01 7.957829684511425583e+00 9.989999999378668116e-01
4.642600387737775280e-01 7.741604251027620620e+00 9.989999999999508162e-01
3.408115954644116430e-01 7.941446979777551540e+00 9.989999999999960023e-01
6.782396622323970670e-01 7.753764291854832180e+00 1.000000000617983333e-03
7.557986135138674566e-01 7.948907455854572923e+00 9.989999999993385282e-01
9.989999999992420499e-01 7.758894999308497908e+00 1.000000000018624012e-03
3.247440722723843320e-01 7.950413203965605469e+00 9.989999999980048173e-01
2.755716113273347645e-01 7.730291235911370684e+00 9.989999998722454144e-01
6.584939686092248223e-01 7.952765080796892150e+00 9.989999999999994440e-01
9.989999999886145510e-01 7.771752212638236124e+00 1.000000088271317577e-03
9.989999999999998881e-01 7.964851134014859113e+00 9.989999999996295177e-01
1.000000177810615211e-03 7.758609989739461810e+00 6.197622211455998398e-02
3.778466781132280849e-01 7.932539436365741103e+00 9.989999999999981117e-01
8.783308365433862841e-01 7.729385371287838424e+00 9.989999999857608337e-01
4.166788188647099211e-01 7.952588617461014309e+00 9.989999999999567004e-01
9.989999999999383817e-01 7.771301705539321425e+00 9.985087819165496814e-01
9.989999999998859792e-01 7.960463749798565303e+00 7.798246009509602894e-01
9.989999998751635246e-01 7.746330526589188636e+00 7.951549501082828542e-01
6.489344290858694020e-01 7.936439007023740722e+00 9.989999999999996660e-01
9.989999999999998881e-01 7.760541956139731745e+00 1.000000000000000238e-03
5.894627426639146295e-01 7.955629046431540452e+00 9.989999999999060742e-01
1.000000074150123779e-03 7.760588586005248146e+00 2.855342371538772683e-01
5.075313256841262888e-01 7.955037203994656636e+00 9.989999999385269502e-01
6.348976018205644278e-01 7.751513291139678685e+00 9.989999999999998881e-01
8.756810563441115303e-01 7.942152212640076314e+00 9.989999999989290780e-01
1.000002100998902436e-03 7.708057620161219425e+00 5.939544353837713508e-01
5.657474126518421409e-01 7.941124094527770794e+00 9.989999999999998881e-01
1.000000169958595829e-03 7.759617980983464669e+00 2.715971356687630900e-01
9.849598745543279854e-01 7.964226873091170056e+00 9.989999999999723546e-01
1.000000069959403959e-03 7.709524018001326695e+00 1.969071139716029317e-01
6.153020483210644986e-01 7.964349994874114991e+00 9.989999999568236477e-01
9.989999999999912283e-01 7.768949154443551386e+00 1.000000000004258767e-03
8.054102632340995882e-01 7.957704004034836132e+00 9.989999999989378487e-01
1.000012646191915074e-03 7.737934285315153815e+00 6.244605661401186891e-02
6.720996510440825356e-01 7.950732871402906632e+00 9.989999999999997771e-01
9.989973590853568064e-01 7.744529658927632454e+00 1.000005024452839918e-03
9.989999953505950270e-01 7.955058578435532546e+00 9.989999999999267244e-01
9.989999998761959210e-01 7.758317040731692593e+00 5.047945615180394752e-01
3.554288963803313162e-01 7.945789808746146043e+00 9.989999999996054258e-01
9.989999999965418764e-01 7.737311110514984769e+00 9.989999961321742727e-01
2.316027583787502453e-01 7.941039853919464875e+00 9.989999999993945945e-01
9.989999999999998881e-01 7.770057896238878214e+00 1.000000000000022572e-03
8.447699596516757836e-01 7.963167992551948515e+00 9.989999999986504120e-01
9.989999999999998881e-01 7.767188285394618141e+00 1.000000000000000888e-03
7.108793622299803827e-01 7.950885147857930768e+00 9.989999999922229978e-01
1.000000018039459270e-03 7.750921868996305086e+00 5.522804830194460307e-02
6.631293144110456117e-01 7.942107662437190463e+00 9.989999999988439239e-01
9.989999999999809033e-01 7.787231804334338925e+00 2.222827508839431698e-01
4.482361722057700004e-01 7.963573851497020684e+00 9.989999999998692148e-01
1.000003072805986243e-03 7.718731481131040795e+00 7.616043056938391898e-01
4.545924042480678495e-01 7.938761588874244879e+00 9.989999997277804189e-01
6.111283299485482656e-01 7.759699345553977778e+00 9.989999999998651070e-01
4.436642534333776755e-01 7.925205978598752310e+00 9.989999997653901120e-01
9.989999999999998881e-01 7.745386444503313150e+00 1.000000000000122969e-03
7.394501865130813645e-01 7.955034589201998685e+00 9.989999999999891189e-01
9.989999999999998881e-01 7.749195248779901846e+00 1.000018368101846617e-03
4.374286550652235483e-01 7.937271664042604868e+00 9.989999999999998881e-01
9.989999814020600333e-01 7.747306779913796682e+00 1.000101820299436435e-03
5.029365386438027219e-01 7.964076490445999745e+00 9.989999999308919465e-01
4.104793184214635127e-01 7.732624407787805687e+00 9.989999999999991109e-01
4.185089758398613524e-01 7.933562943118022126e+00 9.989999999999998881e-01
9.989999999999998881e-01 7.772811880437108023e+00 5.941214901252145353e-01
7.716377071298663459e-01 7.950067853392668304e+00 9.989999999999998881e-01
9.989999999999989999e-01 7.762121254753870936e+00 1.000000000000057700e-03
6.505601234788439546e-01 7.940992167070528573e+00 9.989999996790951409e-01
4.594020906670512883e-01 7.764346374155533859e+00 1.000005121330620238e-03
4.528266199625391453e-01 7.954789612007681754e+00 9.989999999320747781e-01
9.989999797527263636e-01 7.747026483638213001e+00 1.000328331444688733e-03
9.989999999995889945e-01 7.957794350125549698e+00 9.989999999999998881e-01
9.989999999219567606e-01 7.773100675334476684e+00 1.000214876123982528e-03
6.328026486890965252e-01 7.955864368313123158e+00 9.989999999999998881e-01
9.989999999997963842e-01 7.744985440257774023e+00 9.989999999999998881e-01
4.162134478829891404e-01 7.942875000592581891e+00 9.989999999999991109e-01
9.989992239815921327e-01 7.760834205312664658e+00 9.989999999725938107e-01
4.541214545573974970e-01 7.935163985360282446e+00 9.989999999998818714e-01
9.202235106743688053e-01 7.744554229588968219e+00 9.989999999999976676e-01
6.659319808448844746e-01 7.943889427514771562e+00 9.989999999999996660e-01
9.989999999982698276e-01 7.753718644151888384e+00 1.000000002208484067e-03
7.454935917176434002e-01 7.950189378207059399e+00 9.989999999999898961e-01
1.000000000000000238e-03 7.737580306826642662e+00 1.000000000111648775e-03
5.941344319555580400e-01 7.951965095234901248e+00 9.989999999997615232e-01
4.544224709418892005e-01 7.760866283330047466e+00 1.000000000000468396e-03
8.441872389526345888e-01 7.955299807347609331e+00 9.989999999938405928e-01
9.989999999999359392e-01 7.761769544299384371e+00 9.910580394895309730e-01
6.447421490332707616e-01 7.932403850314309501e+00 9.989999998185188357e-01
9.989999999968054434e-01 7.782545866291268766e+00 1.000000000638924264e-03
5.029038301575250447e-01 7.949936500639894099e+00 9.989999999890810667e-01
9.989999999992653645e-01 7.755472386504141724e+00 1.000000016224320302e-03
5.097530723510701467e-01 7.960805944763865050e+00 9.989999999986174384e-01
5.089280176913535403e-01 7.754049491716243026e+00 1.000000000064579439e-03
5.598584798305191734e-01 7.937361028586683354e+00 9.989999999999996660e-01
9.989999685417395581e-01 7.727955827382639420e+00 1.000000675827708487e-03
6.922255008076207972e-01 7.944551233500792620e+00 9.989999999992807966e-01
2.329706532304860744e-01 7.763984669588745113e+00 1.000000008189148816e-03
6.100097051082303823e-01 7.951923467356910358e+00 9.989999999959995325e-01
5.245515628641153061e-01 7.748547303542417275e+00 9.989999998942176163e-01
5.668539538724686189e-01 7.947451356861904515e+00 9.989999999999998881e-01
9.989999999950472942e-01 7.785578567258125027e+00 4.283384898997198431e-01
5.083848477650846354e-01 7.942707994283758843e+00 9.989999999753217397e-01
2.188024852175345439e-02 7.719444665066744093e+00 1.000000006845528722e-03
8.541922604187512924e-01 7.962771603782578644e+00 9.989999999999998881e-01
5.272580739957928309e-01 7.733717285406561892e+00 9.989999999731774549e-01
5.323981389618563931e-01 7.943490058596150760e+00 9.989999999999950031e-01
1.105967093404273266e-01 7.724171839471154932e+00 1.000000000000045991e-03
4.664899393539655992e-01 7.943152069098149859e+00 9.989999999999998881e-01
1.000003266703082322e-03 7.726098061214132784e+00 7.363272402627402125e-01
2.653242844156898372e-01 7.952449925936863728e+00 9.989999995952626444e-01
6.005113360927534227e-01 7.751746852223861062e+00 9.989999999999931157e-01
4.409207892033141230e-01 7.940396230519294996e+00 9.989999999872994918e-01
9.989999999999998881e-01 7.787319709811656665e+00 1.000000000000000238e-03
9.989939816064044020e-01 7.957425887122344221e+00 9.989999999999993330e-01
9.989999999994808588e-01 7.778681759823996344e+00 1.000000371272635052e-03
7.000972841183107365e-01 7.956062198913995687e+00 9.989999998492624655e-01
6.517524206991505142e-01 7.764698873671137314e+00 9.989999999999993330e-01
6.532405292873276759e-01 7.946002694183396997e+00 9.989999999997318803e-01
9.989999246229602781e-01 7.729347291920451113e+00 1.000052293427234305e-03
6.730416182690382998e-01 7.957862428586482295e+00 9.989999999984983114e-01
9.989999976946638549e-01 7.766305865370663142e+00 1.000009275035975602e-03
4.126974247571475463e-01 7.950014151179765953e+00 9.989999993608082995e-01
9.490350352044700788e-01 7.760622768425343487e+00 9.989999999978873557e-01
2.188849697157399243e-01 7.935868377384847960e+00 9.989999999991482360e-01
4.105646618460738195e-01 7.737828027523691254e+00 9.989999999999749081e-01
4.844094956917650574e-01 7.939165782972845697e+00 9.989999999960024191e-01
1.000003106431544310e-03 7.765879137099267915e+00 2.585093175042295702e-02
5.397999428922901632e-01 7.965019701171077493e+00 9.989999999999513713e-01
9.989999780027759568e-01 7.754549104371986523e+00 1.000000000087699617e-03
4.618466611870193916e-01 7.937502220168891398e+00 9.989999999999910063e-01
9.989999999999971125e-01 7.717165945049093700e+00 1.000000000004329674e-03
7.799292563128823463e-01 7.950839177190336393e+00 9.989999999998301350e-01
9.989999999999998881e-01 7.772345411975089213e+00 1.000000000000192575e-03
6.090661444487861509e-01 7.946442382025348472e+00 9.989999999844928480e-01
5.762622790718250343e-01 7.777965639011354071e+00 1.000000002253919511e-03
5.209997969825074238e-01 7.939568513118844706e+00 9.989999999999098490e-01
9.989999999999580327e-01 7.721336106197251858e+00 1.000000000000949999e-03
8.131567952551301826e-01 7.961159024193151801e+00 9.989999999999531477e-01
9.989999997916307883e-01 7.765040500155409475e+00 8.106095323297428656e-01
8.419271465838252810e-01 7.954290303263720219e+00 9.989999999991872048e-01
9.153867021304524787e-01 7.747139187402859228e+00 9.989999996410102723e-01
6.287664501483900548e-01 7.950038235008435983e+00 9.989999998005262283e-01
7.617954292346658107e-01 7.769515484364465152e+00 1.000000000000022139e-03
7.537238205078499176e-01 7.958425342651831436e+00 9.989999999979405354e-01
2.861854279753880959e-01 7.719008652232361101e+00 9.989999999950198717e-01
3.065567703151851342e-01 7.959704882225036471e+00 9.989999999951986176e-01
9.989999569533618562e-01 7.762684467621901341e+00 1.000075327800286273e-03
9.989999999999998881e-01 7.966496104927019317e+00 9.989999999999998881e-01
9.730499607468821865e-02 7.760636790224557657e+00 1.000000007125478613e-03
4.599935243814822772e-01 7.952201769516665131e+00 9.989999996490304124e-01
9.989999999956704624e-01 7.747333019137771615e+00 9.989842763819910543e-01
8.755818154896679584e-01 7.967386199197220797e+00 9.989999999999998881e-01
9.852668884245354697e-01 7.762945132861026387e+00 9.989999999999672475e-01
8.473415845292402437e-01 7.952407319900337335e+00 9.989999999997658531e-01
9.989999999989030988e-01 7.734639816721129435e+00 1.293727396808772856e-01
4.406708229831686197e-01 7.953257876919058944e+00 9.989999999999722435e-01
9.989999999998391278e-01 7.784703419865357077e+00 1.000000000403403026e-03
4.111168276271108257e-01 7.949368253337792289e+00 9.989999999999968905e-01
9.989999999969506606e-01 7.769073630118727536e+00 1.000000014086667617e-03
7.867315770514965445e-01 7.959393420402110841e+00 9.989999999804031194e-01
9.989999999743873760e-01 7.773663903786343532e+00 1.000016896805198518e-03
6.000204299465952129e-01 7.953427342811594691e+00 9.989999999953587118e-01
9.989999999999998881e-01 7.779953642369664024e+00 1.000000001222574797e-03
3.663025352814137103e-01 7.964409060672994478e+00 9.989999999713321532e-01
9.989998495896110775e-01 7.773029404098354078e+00 1.000244775861762600e-03
7.324121359232652617e-01 7.959729301476868635e+00 9.989999999954958243e-01
9.989999999999998881e-01 7.776362788532399151e+00 1.000000000000002406e-03
8.151639438914275448e-01 7.954626500592037353e+00 9.989999999999026326e-01
9.989999999995990976e-01 7.754562313195531686e+00 1.000004382639377081e-03
4.639002956673055067e-01 7.947439000636052242e+00 9.989999999959248145e-01
9.936682042408170323e-01 7.762174740343054324e+00 9.989999989308518957e-01
5.959449042815966324e-01 7.948814978477664717e+00 9.989999999999998881e-01
9.989999999999998881e-01 7.785947602912903776e+00 1.000000000000090443e-03
4.270502160487155696e-01 7.940987747681342412e+00 9.989999999999998881e-01
8.290981307172984316e-01 7.740595200095182093e+00 9.989999999703775835e-01
4.160379307546887007e-01 7.951076565618395264e+00 9.989999999999982228e-01
9.989999999650146512e-01 7.778849772487204106e+00 1.000262301393324386e-03
8.430056797326508367e-01 7.966833088752234282e+00 9.989999999993518509e-01
3.922636527603253209e-01 7.743798504247319414e+00 1.000000017281397688e-03
3.701613824161930633e-01 7.946894379883211457e+00 9.989999999999830127e-01
9.989999999730045932e-01 7.760409326546270137e+00 1.000000001262649294e-03
4.291993860513961812e-01 7.945613277418953402e+00 9.989999999999992220e-01
1.000000276568051684e-03 7.740791416948853865e+00 1.142012187826581954e-01
6.371854801910588062e-01 7.943438895364424823e+00 9.989999998208131116e-01
9.989999994499054736e-01 7.740548791305768894e+00 3.424819190238999056e-01
4.328570122666168252e-01 7.941770043696150694e+00 9.989999999999676916e-01
9.989999999993938173e-01 7.749005933620735753e+00 1.000000000316263529e-03
5.475652266619100983e-01 7.950255918196750038e+00 9.989999999999927827e-01
5.099118540034300873e-01 7.772305178521357938e+00 9.989999999999998881e-01
9.989999999999659153e-01 7.945868910979559274e+00 9.989999999999998881e-01
6.581984088467455196e-01 7.766055895126102726e+00 9.989999999853488299e-01
3.185178398439106884e-01 7.959956488571839905e+00 9.989999999999964464e-01
9.989999999999998881e-01 7.777334208392300496e+00 1.000000000000014549e-03
9.904648328587013495e-01 7.950539341754336853e+00 9.989999999960350596e-01
9.989999999950173182e-01 7.774732611147543437e+00 4.619554754121877882e-01
4.735652955220617244e-01 7.949247652990709234e+00 9.989999999555246868e-01
4.359796632853378817e-01 7.769500025468568438e+00 1.000000003917794495e-03
8.429196865708424857e-01 7.947829004550777121e+00 9.989999996427594287e-01
9.989999999815231124e-01 7.763721518667940913e+00 9.484398465846331783e-02
5.322385711188838409e-01 7.941171488807968082e+00 9.989999999999922276e-01
1.339846351668513499e-02 7.741523261664095656e+00 1.000000023394559748e-03
4.409629288506544120e-01 7.945901387998337562e+00 9.989999999999941149e-01
3.779009417599101806e-01 7.739408645271627307e+00 1.000000008791382790e-03
4.783585799892293156e-01 7.951321505956416402e+00 9.989999999765647454e-01
9.989999999943244280e-01 7.768269099146572820e+00 1.000000000036113277e-03
9.800768449994039511e-01 7.952136749926442150e+00 9.989999998136264159e-01
8.263502071349427824e-01 7.764752775763729353e+00 9.989999999999998881e-01
8.897716918202338565e-01 7.958810474915956945e+00 9.989999999977128287e-01
3.774134582774762992e-01 7.750142702791182003e+00 9.989999999999986668e-01
7.662420560218382581e-01 7.951509940758823447e+00 9.989999999991346913e-01
9.989999999999691349e-01 7.762304042779735624e+00 6.615542974490551398e-01
4.597305942804308931e-01 7.947644831060434178e+00 9.989999999999998881e-01
9.729391164169053363e-01 7.751736537421543005e+00 9.989999999999998881e-01
7.084067239478404332e-01 7.960203314731878699e+00 9.989999995961728052e-01
9.989999999999998881e-01 7.785223025288646070e+00 1.000000318306614594e-03
5.991709636555980767e-01 7.946165257946081972e+00 9.989999999907714923e-01
7.005198626499883341e-01 7.711614796488164281e+00 1.000000004463334237e-03
7.322552763676588861e-02 7.951105903315059287e+00 9.989999999810769138e-01
9.989999999999997771e-01 7.761481445050644190e+00 1.000000000005897864e-03
6.787771515346349149e-01 7.962105738972264035e+00 9.989999999997037916e-01
6.225196362485205803e-01 7.767879235958618622e+00 9.989999999999998881e-01
2.189574167740749588e-01 7.935520543050079034e+00 9.989999999996450608e-01
9.989999999997647429e-01 7.787134218801506691e+00 1.941469971765750757e-01
6.140823286985757079e-01 7.951053078733639090e+00 9.989999999642895645e-01
9.989999995478894279e-01 7.747957055815887450e+00 5.401332711451908297e-01
7.254697953352494677e-01 7.946279088191013251e+00 9.989999999999987779e-01
9.989999999997110081e-01 7.762195401752603807e+00 7.224119116153748799e-01
6.711183583708182354e-01 7.950748756931213634e+00 9.989999999636980377e-01
4.974062786408793846e-01 7.768494808255889339e+00 9.989999999999998881e-01
1.455647658017233392e-01 7.948204617132840433e+00 9.989999999936736153e-01
9.989999999999998881e-01 7.741302004156030314e+00 1.000000000000000671e-03
7.613521848373223655e-01 7.932808014514618478e+00 9.989999999943132147e-01
9.989999999906898909e-01 7.787831952129792512e+00 1.000000009378649354e-03
6.170948984656844383e-01 7.950715461210529078e+00 9.989999999692406041e-01
6.157627148132863715e-01 7.727245008298758933e+00 9.989999999999651381e-01
8.430665945837583219e-01 7.959303539586724874e+00 9.989999994116858240e-01
1.291877364294950759e-01 7.756500833540266981e+00 1.000001208219065832e-03
7.828171163484609618e-01 7.964229189819352683e+00 9.989999999999998881e-01
9.989999999988186108e-01 7.740719380390137516e+00 1.000000001674296356e-03
8.075547676774956773e-01 7.954814669856103748e+00 9.989999999558597521e-01
9.989999996833837104e-01 7.773885028752038906e+00 9.989999999999998881e-01
5.305583799254206534e-01 7.962567665217932245e+00 9.989999999999268354e-01
9.989999999999998881e-01 7.764674304194546295e+00 1.000000000000000671e-03
4.259807956747974078e-01 7.939332712854906937e+00 9.989999999999934488e-01
9.989999303080415727e-01 7.747891915728701839e+00 1.000013420645345930e-03
3.627937413989009707e-01 7.950837941728604363e+00 9.989999999999997771e-01
9.989999999995382574e-01 7.751750379164224825e+00 6.303967239588577076e-01
6.842589113709920401e-01 7.944984909519295257e+00 9.989999999999998881e-01
9.989999999877074988e-01 7.756369371547354952e+00 1.191568528245480624e-01
2.679195490166811355e-01 7.936821458144326158e+00 9.989999999961280963e-01
9.316637389414732517e-01 7.774421445787294438e+00 9.989999860986304991e-01
7.355323608295368798e-01 7.951725123029773634e+00 9.989999999997877245e-01
9.989999999999201741e-01 7.766751723982267208e+00 1.000000051034744160e-03
2.412436034316631506e-01 7.937421258429266935e+00 9.989999999996264091e-01
2.394342170943264958e-01 7.724749647053886115e+00 1.000000006062123263e-03
5.836926472204708727e-01 7.953474510003871067e+00 9.989999999677161568e-01
4.464964508975184376e-01 7.750211319352980688e+00 9.989999999999766844e-01
9.435185024756338468e-01 7.958792134833144516e+00 9.989999997757612604e-01
1.000000247269206433e-03 7.755934802040852283e+00 2.515410754819829946e-03
4.238964797787090344e-01 7.947502050310196076e+00 9.989999999999978897e-01
9.989999999883558690e-01 7.767010160949499920e+00 1.276637195067167885e-01
9.451929091260834470e-01 7.950098821898342827e+00 9.989999999990678559e-01
9.989999969838692095e-01 7.765784678670850205e+00 1.000052130140515090e-03
7.129771280843516523e-01 7.942240470552949461e+00 9.989999999390488661e-01
9.989999999999998881e-01 7.768762473723698214e+00 1.000000000000003057e-03
4.920809405406804671e-01 7.947312083351198986e+00 9.989999999877654524e-01
4.861093418571488800e-01 7.754342123763172445e+00 1.000000724973145773e-03
1.298898689957289632e-01 7.958420997976825895e+00 9.989999999999836788e-01
9.989999993421695423e-01 7.778035730559897054e+00 4.885229720221351823e-01
6.518345754036950490e-01 7.951199276763863288e+00 9.989999999999983338e-01
8.545500536425574278e-01 7.727776956051560120e+00 1.000001791237361366e-03
9.083930200983328929e-01 7.949489794484792426e+00 9.989999999999993330e-01
6.432380189104998092e-01 7.727551713185932591e+00 9.989999997527941877e-01
4.014697434163795320e-01 7.934659107209363071e+00 9.989999999999985558e-01
9.989999999999998881e-01 7.735528141353119835e+00 1.000000000000007610e-03
5.640570549453979288e-01 7.947053148422281055e+00 9.989999999999997771e-01
9.989999999632360739e-01 7.781543901334659452e+00 1.000317247794932493e-03
9.656531821463513188e-01 7.977229613847717005e+00 9.989999999989501722e-01
5.579787193129648326e-01 7.787116129298368605e+00 9.989999999965317734e-01
8.895989571735432033e-01 7.961117483058929523e+00 9.989999999997865032e-01
1.339344110305213387e-01 7.723840594829949779e+00 9.989999999999717994e-01
5.315240573615116482e-01 7.951901843739242359e+00 9.989999999998975255e-01
9.989992622975124581e-01 7.765604793819595564e+00 9.989999999206323755e-01
2.246267952507550458e-01 7.934495976137404760e+00 9.989999999972761779e-01
9.061141109745882716e-01 7.731166301508435090e+00 9.989999999999946700e-01
3.542568637485411509e-01 7.949812990560222836e+00 9.989999999995683444e-01
9.989999999999998881e-01 7.756829227437269658e+00 9.989999999999757962e-01
4.190847595237756074e-01 7.944948224862130814e+00 9.989999999999978897e-01
9.989999344588588182e-01 7.748501291695508719e+00 1.000168010173391924e-03
9.989999999999994440e-01 7.941127583035069826e+00 9.989999999999998881e-01
5.709567652731282195e-01 7.731664373972659376e+00 1.000000144987602023e-03
7.251722943198546378e-01 7.953764704186174761e+00 9.989999999999975566e-01
9.989999999999998881e-01 7.781831407587374905e+00 9.989999999999998881e-01
9.352986283529077793e-01 7.950683976258790864e+00 9.989999999926459928e-01
3.374871874338428168e-01 7.765067616496794223e+00 9.989999999999998881e-01
4.055841004846599818e-01 7.942601566927214307e+00 9.989999999999994440e-01
8.820016250790134738e-01 7.719467354319038854e+00 1.000009679494513661e-03
9.989999999997858371e-01 7.948367566067379819e+00 9.989999999999998881e-01
1.910565198278633137e-01 7.713519043268837194e+00 9.989999999877910986e-01
8.872138538430227594e-01 7.961865234561321003e+00 9.989999999999822355e-01
9.989999994375955428e-01 7.770775200466877308e+00 1.000101608695109492e-03
5.984412723651036936e-01 7.952328894684456806e+00 9.989999999997167812e-01
2.987115893179003168e-01 7.716143243343140057e+00 9.989999980460625428e-01
2.763367491827861122e-01 7.948365468814819756e+00 9.989999999970221589e-01
9.989999999999998881e-01 7.774481510348097757e+00 9.989999999806101760e-01
4.261337194933864647e-01 7.943080416260406729e+00 9.989999999999996660e-01
9.989999999999559233e-01 7.765872663371954587e+00 1.000000000003266505e-03
5.812822492323674872e-01 7.945609041711068521e+00 9.989999999246363949e-01
9.989999999956014065e-01 7.748637822976580658e+00 6.640976153333099097e-01
4.649677590892426493e-01 7.935469866133034955e+00 9.989999998827592265e-01
9.875824779818493937e-01 7.768277844139007904e+00 1.000000073970973031e-03
4.429732254233765820e-01 7.946367258035508918e+00 9.989999999999998881e-01
9.989999998637942857e-01 7.795729371240013528e+00 4.859767492879555895e-01
5.423121144919738068e-01 7.960599443069920511e+00 9.989999999999908953e-01
9.989999999998366853e-01 7.773910716642458141e+00 9.524281604169179127e-01
6.192142934115929531e-01 7.952052306782337432e+00 9.989999999360583693e-01
1.000000062896302120e-03 7.762260692744570534e+00 1.000000000035687403e-03
1.598478244077683463e-01 7.938668391133017366e+00 9.989999999945201603e-01
9.989999999998551150e-01 7.770616685460588258e+00 9.989999999999998881e-01
6.555323644700856711e-01 7.953245933831497361e+00 9.989999999999111813e-01
4.611967296538203032e-01 7.711020411328416202e+00 9.989999980252337597e-01
2.766040277684450044e-01 7.956351190824521247e+00 9.989999997538051568e-01
9.989999999996999058e-01 7.736517502766484533e+00 1.000000000599170257e-03
