 141214.20+532546.7   0.4581   36.7 10.4 4.8   3.998 0.005   44.365 0.001
  141645.58+534446.8   0.4418   23.3 2.7 11.2   0.842 0.015   43.646 0.008
 141018.04+532937.5   0.4696   32.3 12.9 5.3   0.575 0.004   43.551 0.003
 141112.72+534507.1   0.5872   18.6 7.1 3.8    1.078 0.004   44.092 0.002
  141625.71+535438.5   0.2628   21.9 7.9 10.4   6.190 0.254   43.929 0.018
 142038.52+532416.5   0.2647   29.6 2.5 15.7   1.900 0.007   43.424 0.001
 141417.13+515722.6   0.6037   29.1 3.6 8.8    0.188 0.005   43.366 0.012
 142049.28+521053.3   0.7510   34.0 6.7 12.0   1.132 0.006   44.416 0.002
  142039.80+520359.7   0.4738   14.2 6.5 4.99    2.026 0.004   44.109 0.001
  141706.68+514340.1   0.5324   14.1 12.9 4.39   1.635 0.004   44.155 0.001
 141650.93+535157.0   0.5266   25.1 2.0 2.6    1.004 0.002   43.930 0.001
 141253.92+540014.4   0.1871   21.5 5.8 7.7    1.563 0.010   42.972 0.003
 140759.07+534759.8   0.1725   19.2 4.3 12.8   7.023 0.008   43.541 0.001
 141644.17+532556.1   0.4253   17.2 2.7 2.7    1.020 0.005   43.685 0.002
 141645.15+542540.8   0.2439   10.9 20.9 6.6   1.321 0.007   43.178 0.002